0.000001 0.000010 0.000009 0.000008 0.000008 0.000008 0.000008 0.000008 0.000007 0.000007 0.000005 0.000000 
0.000001 0.000010 0.000009 0.000008 0.000008 0.000008 0.000008 0.000008 0.000007 0.000007 0.000005 0.500000 
0.000001 0.000010 0.000009 0.000008 0.000008 0.000008 0.000008 0.000008 0.000007 0.000007 0.000005 1.000000 
0.000001 0.000010 0.000009 0.000008 0.000008 0.000008 0.000008 0.000008 0.000007 0.000007 0.000005 1.500000 
0.000001 0.000010 0.000009 0.000008 0.000008 0.000008 0.000008 0.000008 0.000007 0.000007 0.000005 2.000000 
0.000001 0.000010 0.000009 0.000008 0.000008 0.000008 0.000008 0.000008 0.000007 0.000007 0.000006 2.500000 
0.000001 0.000010 0.000009 0.000008 0.000008 0.000008 0.000008 0.000008 0.000007 0.000007 0.000006 3.000000 
0.000001 0.000010 0.000009 0.000008 0.000008 0.000008 0.000008 0.000008 0.000007 0.000007 0.000006 3.500000 
0.000001 0.000010 0.000009 0.000008 0.000008 0.000008 0.000008 0.000008 0.000007 0.000007 0.000006 4.000000 
0.000001 0.000010 0.000009 0.000008 0.000008 0.000008 0.000008 0.000008 0.000007 0.000007 0.000007 4.500000 
0.000001 0.000010 0.000009 0.000008 0.000008 0.000008 0.000008 0.000008 0.000007 0.000007 0.000007 5.000000 
0.000001 0.000010 0.000009 0.000008 0.000008 0.000008 0.000008 0.000008 0.000007 0.000007 0.000007 5.500000 
0.000001 0.000010 0.000009 0.000008 0.000008 0.000008 0.000008 0.000008 0.000007 0.000007 0.000007 6.000000 
0.000001 0.000010 0.000009 0.000008 0.000008 0.000008 0.000008 0.000008 0.000007 0.000007 0.000007 6.500000 
0.000001 0.000010 0.000009 0.000008 0.000008 0.000008 0.000008 0.000008 0.000007 0.000007 0.000008 7.000000 
0.000001 0.000010 0.000009 0.000008 0.000008 0.000008 0.000008 0.000008 0.000007 0.000007 0.000008 7.500000 
0.000001 0.000010 0.000009 0.000008 0.000008 0.000008 0.000008 0.000008 0.000007 0.000007 0.000008 8.000000 
0.000001 0.000010 0.000009 0.000008 0.000008 0.000008 0.000008 0.000008 0.000007 0.000007 0.000008 8.500000 
0.000001 0.000010 0.000009 0.000008 0.000008 0.000008 0.000008 0.000008 0.000007 0.000007 0.000008 9.000000 
0.000001 0.000010 0.000009 0.000008 0.000008 0.000008 0.000008 0.000008 0.000007 0.000007 0.000009 9.500000 
0.000001 0.000010 0.000009 0.000008 0.000008 0.000008 0.000008 0.000008 0.000007 0.000007 0.000009 10.000000 
0.000001 0.000010 0.000009 0.000008 0.000008 0.000008 0.000008 0.000008 0.000007 0.000007 0.000009 10.500000 
0.000001 0.000010 0.000009 0.000008 0.000008 0.000008 0.000008 0.000008 0.000007 0.000007 0.000009 11.000000 
0.000001 0.000010 0.000009 0.000008 0.000008 0.000008 0.000008 0.000008 0.000007 0.000007 0.000009 11.500000 
0.000001 0.000010 0.000009 0.000008 0.000008 0.000008 0.000008 0.000008 0.000007 0.000007 0.000010 12.000000 
0.000001 0.000010 0.000009 0.000008 0.000008 0.000008 0.000008 0.000008 0.000007 0.000007 0.000010 12.500000 
0.000001 0.000010 0.000009 0.000008 0.000008 0.000008 0.000008 0.000008 0.000007 0.000007 0.000010 13.000000 
0.000001 0.000010 0.000009 0.000008 0.000008 0.000008 0.000008 0.000008 0.000007 0.000007 0.000010 13.500000 
0.000001 0.000010 0.000009 0.000008 0.000008 0.000008 0.000008 0.000008 0.000007 0.000008 0.000010 14.000000 
0.000001 0.000010 0.000009 0.000008 0.000008 0.000008 0.000008 0.000008 0.000007 0.000008 0.000011 14.500000 
0.000001 0.000010 0.000009 0.000008 0.000008 0.000008 0.000008 0.000008 0.000007 0.000008 0.000011 15.000000 
0.000001 0.000010 0.000009 0.000008 0.000008 0.000008 0.000008 0.000008 0.000007 0.000008 0.000011 15.500000 
0.000001 0.000010 0.000009 0.000008 0.000008 0.000008 0.000008 0.000008 0.000007 0.000008 0.000011 16.000000 
0.000001 0.000010 0.000009 0.000008 0.000008 0.000008 0.000008 0.000008 0.000008 0.000008 0.000012 16.500000 
0.000001 0.000010 0.000009 0.000008 0.000008 0.000008 0.000008 0.000008 0.000008 0.000009 0.000012 17.000000 
0.000001 0.000010 0.000009 0.000008 0.000008 0.000008 0.000008 0.000008 0.000008 0.000009 0.000012 17.500000 
0.000001 0.000010 0.000009 0.000008 0.000008 0.000008 0.000008 0.000008 0.000008 0.000009 0.000012 18.000000 
0.000001 0.000010 0.000009 0.000008 0.000008 0.000008 0.000008 0.000008 0.000008 0.000009 0.000012 18.500000 
0.000001 0.000010 0.000009 0.000008 0.000008 0.000008 0.000008 0.000008 0.000008 0.000009 0.000013 19.000000 
0.000001 0.000010 0.000009 0.000008 0.000008 0.000008 0.000008 0.000008 0.000008 0.000009 0.000013 19.500000 
0.000001 0.000010 0.000009 0.000008 0.000008 0.000008 0.000008 0.000008 0.000009 0.000010 0.000013 20.000000 
0.000001 0.000010 0.000009 0.000008 0.000008 0.000008 0.000008 0.000008 0.000009 0.000010 0.000013 20.500000 
0.000001 0.000010 0.000009 0.000008 0.000008 0.000008 0.000008 0.000008 0.000009 0.000010 0.000014 21.000000 
0.000001 0.000010 0.000009 0.000008 0.000008 0.000008 0.000008 0.000008 0.000009 0.000010 0.000014 21.500000 
0.000001 0.000010 0.000009 0.000008 0.000008 0.000008 0.000008 0.000009 0.000009 0.000010 0.000014 22.000000 
0.000001 0.000010 0.000009 0.000008 0.000008 0.000008 0.000008 0.000009 0.000009 0.000011 0.000014 22.500000 
0.000001 0.000010 0.000009 0.000008 0.000008 0.000008 0.000008 0.000009 0.000010 0.000011 0.000015 23.000000 
0.000001 0.000010 0.000009 0.000008 0.000008 0.000008 0.000008 0.000009 0.000010 0.000011 0.000015 23.500000 
0.000001 0.000010 0.000009 0.000008 0.000008 0.000008 0.000009 0.000009 0.000010 0.000011 0.000015 24.000000 
0.000001 0.000010 0.000009 0.000008 0.000008 0.000008 0.000009 0.000009 0.000010 0.000011 0.000015 24.500000 
0.000001 0.000010 0.000009 0.000008 0.000008 0.000008 0.000009 0.000009 0.000010 0.000012 0.000016 25.000000 
0.000001 0.000010 0.000009 0.000008 0.000008 0.000009 0.000009 0.000010 0.000010 0.000012 0.000016 25.500000 
0.000001 0.000010 0.000009 0.000008 0.000008 0.000009 0.000009 0.000010 0.000011 0.000012 0.000016 26.000000 
0.000001 0.000010 0.000009 0.000008 0.000009 0.000009 0.000009 0.000010 0.000011 0.000012 0.000017 26.500000 
0.000001 0.000010 0.000009 0.000008 0.000009 0.000009 0.000010 0.000010 0.000011 0.000012 0.000017 27.000000 
0.000001 0.000010 0.000009 0.000009 0.000009 0.000009 0.000010 0.000010 0.000011 0.000013 0.000017 27.500000 
0.000001 0.000010 0.000009 0.000009 0.000009 0.000009 0.000010 0.000010 0.000011 0.000013 0.000017 28.000000 
0.000001 0.000010 0.000009 0.000009 0.000009 0.000009 0.000010 0.000011 0.000012 0.000013 0.000018 28.500000 
0.000001 0.000010 0.000009 0.000009 0.000009 0.000010 0.000010 0.000011 0.000012 0.000013 0.000018 29.000000 
0.000001 0.000010 0.000009 0.000009 0.000009 0.000010 0.000010 0.000011 0.000012 0.000014 0.000018 29.500000 
0.000001 0.000010 0.000009 0.000009 0.000010 0.000010 0.000011 0.000011 0.000012 0.000014 0.000019 30.000000 
0.000001 0.000010 0.000009 0.000009 0.000010 0.000010 0.000011 0.000011 0.000012 0.000014 0.000019 30.500000 
0.000001 0.000011 0.000010 0.000010 0.000010 0.000010 0.000011 0.000012 0.000013 0.000014 0.000019 31.000000 
0.000001 0.000011 0.000010 0.000010 0.000010 0.000010 0.000011 0.000012 0.000013 0.000015 0.000020 31.500000 
0.000001 0.000011 0.000010 0.000010 0.000010 0.000011 0.000011 0.000012 0.000013 0.000015 0.000020 32.000000 
0.000001 0.000011 0.000010 0.000010 0.000010 0.000011 0.000011 0.000012 0.000013 0.000015 0.000021 32.500000 
0.000001 0.000011 0.000010 0.000010 0.000011 0.000011 0.000012 0.000012 0.000014 0.000015 0.000021 33.000000 
0.000001 0.000012 0.000010 0.000010 0.000011 0.000011 0.000012 0.000013 0.000014 0.000016 0.000021 33.500000 
0.000001 0.000012 0.000011 0.000011 0.000011 0.000011 0.000012 0.000013 0.000014 0.000016 0.000022 34.000000 
0.000001 0.000012 0.000011 0.000011 0.000011 0.000012 0.000012 0.000013 0.000014 0.000016 0.000022 34.500000 
0.000001 0.000012 0.000011 0.000011 0.000011 0.000012 0.000012 0.000013 0.000015 0.000017 0.000023 35.000000 
0.000001 0.000013 0.000011 0.000011 0.000011 0.000012 0.000013 0.000014 0.000015 0.000017 0.000023 35.500000 
0.000001 0.000013 0.000011 0.000011 0.000012 0.000012 0.000013 0.000014 0.000015 0.000017 0.000023 36.000000 
0.000001 0.000013 0.000012 0.000011 0.000012 0.000012 0.000013 0.000014 0.000015 0.000017 0.000024 36.500000 
0.000001 0.000013 0.000012 0.000012 0.000012 0.000013 0.000013 0.000014 0.000016 0.000018 0.000024 37.000000 
0.000001 0.000014 0.000012 0.000012 0.000012 0.000013 0.000013 0.000014 0.000016 0.000018 0.000025 37.500000 
0.000001 0.000014 0.000012 0.000012 0.000012 0.000013 0.000014 0.000015 0.000016 0.000018 0.000025 38.000000 
0.000001 0.000014 0.000012 0.000012 0.000013 0.000013 0.000014 0.000015 0.000016 0.000019 0.000026 38.500000 
0.000001 0.000014 0.000013 0.000012 0.000013 0.000013 0.000014 0.000015 0.000017 0.000019 0.000026 39.000000 
0.000001 0.000015 0.000013 0.000013 0.000013 0.000014 0.000014 0.000015 0.000017 0.000020 0.000027 39.500000 
0.000001 0.000015 0.000013 0.000013 0.000013 0.000014 0.000015 0.000016 0.000017 0.000020 0.000027 40.000000 
0.000001 0.000015 0.000013 0.000013 0.000013 0.000014 0.000015 0.000016 0.000018 0.000020 0.000028 40.500000 
0.000001 0.000015 0.000013 0.000013 0.000014 0.000014 0.000015 0.000016 0.000018 0.000021 0.000028 41.000000 
0.000001 0.000016 0.000014 0.000013 0.000014 0.000014 0.000015 0.000017 0.000018 0.000021 0.000029 41.500000 
0.000001 0.000016 0.000014 0.000014 0.000014 0.000015 0.000016 0.000017 0.000019 0.000021 0.000029 42.000000 
0.000001 0.000016 0.000014 0.000014 0.000014 0.000015 0.000016 0.000017 0.000019 0.000022 0.000030 42.500000 
0.000001 0.000017 0.000014 0.000014 0.000015 0.000015 0.000016 0.000017 0.000019 0.000022 0.000031 43.000000 
0.000001 0.000017 0.000015 0.000014 0.000015 0.000015 0.000016 0.000018 0.000020 0.000023 0.000031 43.500000 
0.000001 0.000017 0.000015 0.000015 0.000015 0.000016 0.000017 0.000018 0.000020 0.000023 0.000032 44.000000 
0.000001 0.000018 0.000015 0.000015 0.000015 0.000016 0.000017 0.000018 0.000020 0.000023 0.000032 44.500000 
0.000001 0.000018 0.000015 0.000015 0.000016 0.000016 0.000017 0.000019 0.000021 0.000024 0.000033 45.000000 
0.000001 0.000018 0.000016 0.000015 0.000016 0.000017 0.000018 0.000019 0.000021 0.000024 0.000034 45.500000 
0.000001 0.000019 0.000016 0.000016 0.000016 0.000017 0.000018 0.000019 0.000021 0.000025 0.000035 46.000000 
0.000001 0.000019 0.000016 0.000016 0.000016 0.000017 0.000018 0.000020 0.000022 0.000025 0.000035 46.500000 
0.000001 0.000019 0.000016 0.000016 0.000017 0.000017 0.000019 0.000020 0.000022 0.000026 0.000036 47.000000 
0.000001 0.000020 0.000017 0.000016 0.000017 0.000018 0.000019 0.000020 0.000023 0.000026 0.000037 47.500000 
0.000001 0.000020 0.000017 0.000017 0.000017 0.000018 0.000019 0.000021 0.000023 0.000027 0.000038 48.000000 
0.000001 0.000021 0.000017 0.000017 0.000017 0.000018 0.000020 0.000021 0.000024 0.000027 0.000038 48.500000 
0.000001 0.000021 0.000018 0.000017 0.000018 0.000019 0.000020 0.000022 0.000024 0.000028 0.000039 49.000000 
0.000001 0.000021 0.000018 0.000017 0.000018 0.000019 0.000020 0.000022 0.000024 0.000029 0.000040 49.500000 
0.000001 0.000022 0.000018 0.000018 0.000018 0.000019 0.000021 0.000022 0.000025 0.000029 0.000041 50.000000 
0.000001 0.000022 0.000018 0.000018 0.000019 0.000020 0.000021 0.000023 0.000025 0.000030 0.000042 50.500000 
0.000001 0.000023 0.000019 0.000018 0.000019 0.000020 0.000021 0.000023 0.000026 0.000030 0.000043 51.000000 
0.000001 0.000023 0.000019 0.000019 0.000019 0.000020 0.000022 0.000024 0.000026 0.000031 0.000044 51.500000 
0.000001 0.000024 0.000019 0.000019 0.000020 0.000021 0.000022 0.000024 0.000027 0.000032 0.000045 52.000000 
0.000001 0.000024 0.000020 0.000019 0.000020 0.000021 0.000022 0.000024 0.000027 0.000032 0.000046 52.500000 
0.000001 0.000025 0.000020 0.000020 0.000020 0.000021 0.000023 0.000025 0.000028 0.000033 0.000047 53.000000 
0.000001 0.000025 0.000021 0.000020 0.000021 0.000022 0.000023 0.000025 0.000028 0.000034 0.000048 53.500000 
0.000001 0.000026 0.000021 0.000020 0.000021 0.000022 0.000024 0.000026 0.000029 0.000034 0.000049 54.000000 
0.000001 0.000026 0.000021 0.000021 0.000021 0.000023 0.000024 0.000026 0.000030 0.000035 0.000051 54.500000 
0.000001 0.000027 0.000022 0.000021 0.000022 0.000023 0.000025 0.000027 0.000030 0.000036 0.000052 55.000000 
0.000001 0.000027 0.000022 0.000022 0.000022 0.000023 0.000025 0.000027 0.000031 0.000037 0.000053 55.500000 
0.000001 0.000028 0.000022 0.000022 0.000023 0.000024 0.000026 0.000028 0.000031 0.000037 0.000055 56.000000 
0.000001 0.000029 0.000023 0.000022 0.000023 0.000024 0.000026 0.000029 0.000032 0.000038 0.000056 56.500000 
0.000001 0.000029 0.000023 0.000023 0.000023 0.000025 0.000027 0.000029 0.000033 0.000039 0.000057 57.000000 
0.000001 0.000030 0.000024 0.000023 0.000024 0.000025 0.000027 0.000030 0.000033 0.000040 0.000059 57.500000 
0.000001 0.000031 0.000024 0.000024 0.000024 0.000026 0.000028 0.000030 0.000034 0.000041 0.000060 58.000000 
0.000001 0.000031 0.000025 0.000024 0.000025 0.000026 0.000028 0.000031 0.000035 0.000042 0.000062 58.500000 
0.000001 0.000032 0.000025 0.000024 0.000025 0.000027 0.000029 0.000032 0.000036 0.000043 0.000064 59.000000 
0.000001 0.000033 0.000026 0.000025 0.000026 0.000027 0.000029 0.000032 0.000036 0.000044 0.000066 59.500000 
0.000001 0.000033 0.000026 0.000025 0.000026 0.000028 0.000030 0.000033 0.000037 0.000045 0.000067 60.000000 
0.000001 0.000034 0.000027 0.000026 0.000027 0.000028 0.000030 0.000034 0.000038 0.000046 0.000069 60.500000 
0.000001 0.000035 0.000027 0.000026 0.000027 0.000029 0.000031 0.000034 0.000039 0.000047 0.000071 61.000000 
0.000001 0.000036 0.000028 0.000027 0.000028 0.000029 0.000032 0.000035 0.000040 0.000048 0.000074 61.500000 
0.000001 0.000037 0.000028 0.000027 0.000028 0.000030 0.000032 0.000036 0.000041 0.000049 0.000076 62.000000 
0.000001 0.000038 0.000029 0.000028 0.000029 0.000030 0.000033 0.000036 0.000042 0.000051 0.000078 62.500000 
0.000001 0.000039 0.000029 0.000028 0.000029 0.000031 0.000034 0.000037 0.000043 0.000052 0.000081 63.000000 
0.000001 0.000040 0.000030 0.000029 0.000030 0.000032 0.000034 0.000038 0.000044 0.000053 0.000083 63.500000 
0.000001 0.000041 0.000031 0.000029 0.000030 0.000032 0.000035 0.000039 0.000045 0.000055 0.000086 64.000000 
0.000001 0.000042 0.000031 0.000030 0.000031 0.000033 0.000036 0.000040 0.000046 0.000056 0.000089 64.500000 
0.000001 0.000043 0.000032 0.000031 0.000032 0.000034 0.000037 0.000041 0.000047 0.000058 0.000092 65.000000 
0.000001 0.000044 0.000033 0.000031 0.000032 0.000034 0.000037 0.000042 0.000048 0.000059 0.000095 65.500000 
0.000001 0.000045 0.000033 0.000032 0.000033 0.000035 0.000038 0.000043 0.000049 0.000061 0.000098 66.000000 
0.000001 0.000046 0.000034 0.000033 0.000034 0.000036 0.000039 0.000044 0.000050 0.000062 0.000102 66.500000 
0.000001 0.000047 0.000035 0.000033 0.000034 0.000037 0.000040 0.000045 0.000052 0.000064 0.000106 67.000000 
0.000001 0.000049 0.000035 0.000034 0.000035 0.000037 0.000041 0.000046 0.000053 0.000066 0.000110 67.500000 
0.000001 0.000050 0.000036 0.000035 0.000036 0.000038 0.000042 0.000047 0.000054 0.000068 0.000114 68.000000 
0.000001 0.000051 0.000037 0.000035 0.000037 0.000039 0.000043 0.000048 0.000056 0.000070 0.000119 68.500000 
0.000001 0.000053 0.000038 0.000036 0.000037 0.000040 0.000044 0.000049 0.000057 0.000072 0.000124 69.000000 
0.000001 0.000054 0.000039 0.000037 0.000038 0.000041 0.000045 0.000050 0.000059 0.000074 0.000130 69.500000 
0.000001 0.000056 0.000040 0.000038 0.000039 0.000042 0.000046 0.000052 0.000060 0.000077 0.000136 70.000000 
0.000001 0.000058 0.000040 0.000039 0.000040 0.000043 0.000047 0.000053 0.000062 0.000079 0.000143 70.500000 
0.000001 0.000059 0.000041 0.000039 0.000041 0.000044 0.000048 0.000054 0.000064 0.000082 0.000151 71.000000 
0.000001 0.000061 0.000042 0.000040 0.000042 0.000045 0.000049 0.000056 0.000066 0.000084 0.000159 71.500000 
0.000001 0.000063 0.000043 0.000041 0.000043 0.000046 0.000050 0.000057 0.000067 0.000087 0.000169 72.000000 
0.000001 0.000065 0.000044 0.000042 0.000044 0.000047 0.000052 0.000059 0.000069 0.000090 0.000180 72.500000 
0.000001 0.000067 0.000045 0.000043 0.000045 0.000048 0.000053 0.000060 0.000072 0.000093 0.000192 73.000000 
0.000001 0.000069 0.000047 0.000044 0.000046 0.000049 0.000054 0.000062 0.000074 0.000097 0.000207 73.500000 
0.000001 0.000071 0.000048 0.000045 0.000047 0.000050 0.000056 0.000064 0.000076 0.000100 0.000223 74.000000 
0.000001 0.000074 0.000049 0.000046 0.000048 0.000052 0.000057 0.000065 0.000078 0.000104 0.000242 74.500000 
0.000001 0.000076 0.000050 0.000047 0.000049 0.000053 0.000059 0.000067 0.000081 0.000108 0.000265 75.000000 
0.000001 0.000079 0.000051 0.000049 0.000050 0.000054 0.000060 0.000069 0.000084 0.000113 0.000291 75.500000 
0.000001 0.000082 0.000053 0.000050 0.000052 0.000056 0.000062 0.000071 0.000086 0.000118 0.000322 76.000000 
0.000001 0.000085 0.000054 0.000051 0.000053 0.000057 0.000064 0.000073 0.000089 0.000123 0.000358 76.500000 
0.000001 0.000088 0.000056 0.000052 0.000054 0.000059 0.000066 0.000076 0.000092 0.000128 0.000401 77.000000 
0.000001 0.000092 0.000057 0.000054 0.000056 0.000060 0.000067 0.000078 0.000096 0.000135 0.000451 77.500000 
0.000001 0.000095 0.000059 0.000055 0.000057 0.000062 0.000069 0.000081 0.000099 0.000141 0.000509 78.000000 
0.000001 0.000099 0.000060 0.000056 0.000059 0.000064 0.000072 0.000083 0.000103 0.000149 0.000577 78.500000 
0.000001 0.000103 0.000062 0.000058 0.000060 0.000066 0.000074 0.000086 0.000107 0.000158 0.000656 79.000000 
0.000001 0.000108 0.000064 0.000060 0.000062 0.000067 0.000076 0.000089 0.000111 0.000168 0.000747 79.500000 
0.000001 0.000113 0.000066 0.000061 0.000064 0.000069 0.000078 0.000092 0.000116 0.000179 0.000853 80.000000 
0.000001 0.000118 0.000068 0.000063 0.000065 0.000071 0.000081 0.000095 0.000121 0.000191 0.000974 80.500000 
0.000001 0.000124 0.000070 0.000065 0.000067 0.000074 0.000083 0.000099 0.000127 0.000206 0.001112 81.000000 
0.000001 0.000131 0.000072 0.000066 0.000069 0.000076 0.000086 0.000102 0.000133 0.000223 0.001268 81.500000 
0.000001 0.000139 0.000074 0.000068 0.000071 0.000078 0.000089 0.000106 0.000139 0.000243 0.001445 82.000000 
0.000001 0.000147 0.000076 0.000070 0.000073 0.000081 0.000092 0.000111 0.000147 0.000266 0.001643 82.500000 
0.000001 0.000157 0.000079 0.000073 0.000076 0.000083 0.000096 0.000115 0.000155 0.000293 0.001863 83.000000 
0.000001 0.000168 0.000081 0.000075 0.000078 0.000086 0.000099 0.000120 0.000164 0.000325 0.002107 83.500000 
0.000001 0.000181 0.000084 0.000077 0.000080 0.000089 0.000103 0.000126 0.000175 0.000363 0.002375 84.000000 
0.000001 0.000196 0.000087 0.000079 0.000083 0.000092 0.000107 0.000132 0.000187 0.000407 0.002667 84.500000 
0.000001 0.000214 0.000090 0.000082 0.000086 0.000095 0.000111 0.000138 0.000201 0.000458 0.002983 85.000000 
0.000001 0.000235 0.000093 0.000085 0.000089 0.000099 0.000116 0.000146 0.000217 0.000519 0.003325 85.500000 
0.000001 0.000259 0.000097 0.000088 0.000092 0.000102 0.000121 0.000154 0.000236 0.000590 0.003690 86.000000 
0.000001 0.000289 0.000100 0.000091 0.000095 0.000106 0.000126 0.000163 0.000258 0.000672 0.004078 86.500000 
0.000001 0.000323 0.000104 0.000094 0.000099 0.000111 0.000132 0.000173 0.000284 0.000767 0.004487 87.000000 
0.000001 0.000364 0.000109 0.000097 0.000102 0.000115 0.000139 0.000185 0.000315 0.000877 0.004918 87.500000 
0.000001 0.000413 0.000113 0.000101 0.000106 0.000120 0.000146 0.000199 0.000350 0.001004 0.005367 88.000000 
0.000001 0.000471 0.000118 0.000105 0.000110 0.000126 0.000154 0.000215 0.000392 0.001148 0.005834 88.500000 
0.000001 0.000539 0.000124 0.000109 0.000115 0.000132 0.000163 0.000233 0.000442 0.001311 0.006316 89.000000 
0.000001 0.000619 0.000130 0.000113 0.000120 0.000138 0.000174 0.000255 0.000500 0.001495 0.006811 89.500000 
0.000001 0.000712 0.000136 0.000118 0.000125 0.000145 0.000186 0.000280 0.000567 0.001701 0.007317 90.000000 
0.000001 0.000821 0.000144 0.000124 0.000131 0.000153 0.000199 0.000309 0.000646 0.001931 0.007832 90.500000 
0.000001 0.000947 0.000152 0.000129 0.000138 0.000163 0.000215 0.000344 0.000737 0.002184 0.008354 91.000000 
0.000001 0.001093 0.000161 0.000136 0.000145 0.000173 0.000234 0.000385 0.000843 0.002462 0.008882 91.500000 
0.000001 0.001259 0.000172 0.000143 0.000153 0.000185 0.000255 0.000433 0.000964 0.002766 0.009413 92.000000 
0.000001 0.001447 0.000184 0.000151 0.000162 0.000198 0.000281 0.000489 0.001103 0.003094 0.009946 92.500000 
0.000001 0.001660 0.000198 0.000159 0.000172 0.000214 0.000310 0.000555 0.001260 0.003447 0.010479 93.000000 
0.000001 0.001898 0.000214 0.000169 0.000184 0.000232 0.000345 0.000632 0.001438 0.003824 0.011010 93.500000 
0.000001 0.002163 0.000233 0.000181 0.000197 0.000253 0.000386 0.000721 0.001638 0.004225 0.011539 94.000000 
0.000001 0.002455 0.000255 0.000194 0.000213 0.000278 0.000434 0.000824 0.001860 0.004647 0.012065 94.500000 
0.000001 0.002776 0.000281 0.000209 0.000231 0.000308 0.000490 0.000942 0.002107 0.005090 0.012585 95.000000 
0.000001 0.003124 0.000311 0.000227 0.000252 0.000342 0.000556 0.001078 0.002378 0.005552 0.013100 95.500000 
0.000001 0.003500 0.000348 0.000247 0.000277 0.000383 0.000633 0.001232 0.002674 0.006031 0.013609 96.000000 
0.000001 0.003903 0.000390 0.000271 0.000306 0.000430 0.000723 0.001406 0.002995 0.006524 0.014112 96.500000 
0.000001 0.004332 0.000440 0.000299 0.000340 0.000486 0.000826 0.001602 0.003341 0.007030 0.014607 97.000000 
0.000001 0.004786 0.000499 0.000333 0.000380 0.000551 0.000945 0.001820 0.003712 0.007547 0.015094 97.500000 
0.000001 0.005263 0.000568 0.000372 0.000427 0.000627 0.001080 0.002063 0.004106 0.008073 0.015574 98.000000 
0.000001 0.005760 0.000648 0.000418 0.000482 0.000715 0.001235 0.002329 0.004523 0.008605 0.016045 98.500000 
0.000001 0.006276 0.000742 0.000471 0.000547 0.000817 0.001409 0.002621 0.004961 0.009142 0.016509 99.000000 
0.000001 0.006808 0.000850 0.000535 0.000623 0.000934 0.001605 0.002938 0.005418 0.009681 0.016964 99.500000 
0.000001 0.007355 0.000974 0.000608 0.000710 0.001069 0.001824 0.003280 0.005892 0.010221 0.017410 100.000000 
0.000001 0.007912 0.001117 0.000694 0.000812 0.001222 0.002067 0.003646 0.006382 0.010761 0.017849 100.500000 
0.000001 0.008479 0.001279 0.000793 0.000928 0.001395 0.002334 0.004037 0.006886 0.011299 0.018278 101.000000 
0.000001 0.009052 0.001462 0.000908 0.001062 0.001589 0.002626 0.004449 0.007401 0.011834 0.018700 101.500000 
0.000001 0.009630 0.001668 0.001039 0.001214 0.001806 0.002943 0.004884 0.007925 0.012365 0.019114 102.000000 
0.000001 0.010210 0.001897 0.001189 0.001386 0.002046 0.003285 0.005337 0.008456 0.012890 0.019519 102.500000 
0.000001 0.010790 0.002152 0.001358 0.001580 0.002312 0.003652 0.005809 0.008992 0.013410 0.019916 103.000000 
0.000001 0.011369 0.002431 0.001549 0.001796 0.002602 0.004043 0.006297 0.009532 0.013922 0.020305 103.500000 
0.000001 0.011945 0.002737 0.001762 0.002035 0.002917 0.004456 0.006798 0.010073 0.014428 0.020687 104.000000 
0.000001 0.012517 0.003068 0.001999 0.002300 0.003257 0.004890 0.007311 0.010614 0.014926 0.021061 104.500000 
0.000001 0.013083 0.003425 0.002261 0.002589 0.003622 0.005344 0.007834 0.011153 0.015416 0.021427 105.000000 
0.000001 0.013643 0.003807 0.002548 0.002903 0.004010 0.005816 0.008364 0.011690 0.015898 0.021786 105.500000 
0.000001 0.014195 0.004213 0.002860 0.003243 0.004422 0.006304 0.008899 0.012223 0.016371 0.022138 106.000000 
0.000001 0.014739 0.004643 0.003197 0.003607 0.004855 0.006805 0.009439 0.012751 0.016836 0.022483 106.500000 
0.000001 0.015274 0.005093 0.003559 0.003995 0.005307 0.007318 0.009980 0.013273 0.017293 0.022821 107.000000 
0.000001 0.015801 0.005563 0.003946 0.004406 0.005778 0.007841 0.010521 0.013788 0.017740 0.023152 107.500000 
0.000001 0.016318 0.006051 0.004355 0.004838 0.006264 0.008371 0.011061 0.014297 0.018179 0.023476 108.000000 
0.000001 0.016825 0.006554 0.004787 0.005291 0.006765 0.008907 0.011598 0.014798 0.018610 0.023794 108.500000 
0.000001 0.017322 0.007071 0.005239 0.005761 0.007277 0.009446 0.012132 0.015291 0.019032 0.024105 109.000000 
0.000001 0.017810 0.007599 0.005709 0.006248 0.007799 0.009987 0.012661 0.015776 0.019446 0.024410 109.500000 
0.000001 0.018288 0.008136 0.006195 0.006748 0.008329 0.010529 0.013184 0.016253 0.019851 0.024709 110.000000 
0.000001 0.018756 0.008679 0.006697 0.007261 0.008865 0.011069 0.013701 0.016721 0.020248 0.025001 110.500000 
0.000001 0.019214 0.009228 0.007210 0.007783 0.009404 0.011606 0.014211 0.017181 0.020638 0.025288 111.000000 
0.000001 0.019662 0.009779 0.007734 0.008314 0.009945 0.012140 0.014714 0.017632 0.021019 0.025569 111.500000 
0.000001 0.020100 0.010331 0.008266 0.008850 0.010486 0.012669 0.015209 0.018074 0.021392 0.025845 112.000000 
0.000001 0.020529 0.010883 0.008803 0.009389 0.011027 0.013192 0.015696 0.018508 0.021758 0.026115 112.500000 
0.000001 0.020949 0.011433 0.009345 0.009931 0.011565 0.013709 0.016174 0.018933 0.022117 0.026379 113.000000 
0.000001 0.021359 0.011980 0.009889 0.010474 0.012099 0.014219 0.016644 0.019350 0.022468 0.026638 113.500000 
0.000001 0.021761 0.012522 0.010434 0.011015 0.012628 0.014722 0.017105 0.019758 0.022811 0.026892 114.000000 
0.000001 0.022153 0.013058 0.010978 0.011553 0.013152 0.015217 0.017558 0.020158 0.023148 0.027141 114.500000 
0.000001 0.022537 0.013589 0.011519 0.012089 0.013670 0.015703 0.018002 0.020550 0.023478 0.027384 115.000000 
0.000001 0.022912 0.014112 0.012057 0.012619 0.014181 0.016182 0.018437 0.020934 0.023801 0.027623 115.500000 
0.000001 0.023279 0.014628 0.012590 0.013144 0.014684 0.016652 0.018864 0.021311 0.024118 0.027857 116.000000 
0.000001 0.023638 0.015136 0.013118 0.013663 0.015180 0.017113 0.019283 0.021679 0.024427 0.028087 116.500000 
0.000001 0.023988 0.015636 0.013640 0.014174 0.015668 0.017566 0.019693 0.022040 0.024731 0.028311 117.000000 
0.000001 0.024331 0.016127 0.014155 0.014679 0.016147 0.018010 0.020095 0.022394 0.025028 0.028532 117.500000 
0.000001 0.024666 0.016609 0.014662 0.015175 0.016618 0.018445 0.020489 0.022741 0.025320 0.028747 118.000000 
0.000001 0.024994 0.017083 0.015161 0.015664 0.017080 0.018872 0.020875 0.023080 0.025605 0.028959 118.500000 
0.000001 0.025314 0.017548 0.015653 0.016144 0.017534 0.019291 0.021253 0.023412 0.025884 0.029166 119.000000 
0.000001 0.025627 0.018003 0.016136 0.016616 0.017979 0.019701 0.021623 0.023738 0.026158 0.029369 119.500000 
0.000001 0.025933 0.018450 0.016610 0.017079 0.018416 0.020103 0.021986 0.024056 0.026426 0.029568 120.000000 
0.000001 0.026233 0.018888 0.017076 0.017534 0.018844 0.020497 0.022341 0.024369 0.026689 0.029763 120.500000 
0.000001 0.026525 0.019317 0.017533 0.017980 0.019263 0.020883 0.022689 0.024675 0.026946 0.029955 121.000000 
0.000001 0.026811 0.019737 0.017982 0.018417 0.019674 0.021261 0.023030 0.024974 0.027198 0.030142 121.500000 
0.000001 0.027091 0.020149 0.018421 0.018846 0.020077 0.021632 0.023364 0.025268 0.027445 0.030326 122.000000 
0.000001 0.027365 0.020552 0.018852 0.019266 0.020472 0.021995 0.023691 0.025555 0.027687 0.030506 122.500000 
0.000001 0.027632 0.020947 0.019275 0.019678 0.020859 0.022350 0.024011 0.025836 0.027923 0.030682 123.000000 
0.000001 0.027893 0.021333 0.019689 0.020082 0.021238 0.022698 0.024325 0.026112 0.028156 0.030855 123.500000 
0.000001 0.028149 0.021712 0.020095 0.020478 0.021609 0.023039 0.024632 0.026382 0.028383 0.031024 124.000000 
0.000001 0.028399 0.022083 0.020493 0.020865 0.021973 0.023373 0.024933 0.026647 0.028606 0.031190 124.500000 
0.000001 0.028643 0.022446 0.020882 0.021245 0.022329 0.023700 0.025228 0.026906 0.028824 0.031353 125.000000 
0.000001 0.028882 0.022801 0.021264 0.021617 0.022678 0.024021 0.025516 0.027160 0.029037 0.031512 125.500000 
0.000001 0.029115 0.023149 0.021637 0.021982 0.023020 0.024335 0.025799 0.027409 0.029247 0.031669 126.000000 
0.000001 0.029343 0.023490 0.022004 0.022339 0.023355 0.024642 0.026076 0.027652 0.029452 0.031822 126.500000 
0.000001 0.029567 0.023823 0.022362 0.022688 0.023683 0.024943 0.026348 0.027891 0.029653 0.031972 127.000000 
0.000001 0.029785 0.024150 0.022713 0.023031 0.024004 0.025238 0.026614 0.028125 0.029850 0.032119 127.500000 
0.000001 0.029998 0.024470 0.023057 0.023366 0.024319 0.025527 0.026874 0.028354 0.030043 0.032264 128.000000 
0.000001 0.030207 0.024783 0.023394 0.023695 0.024627 0.025811 0.027129 0.028578 0.030232 0.032405 128.500000 
0.000001 0.030411 0.025089 0.023724 0.024017 0.024929 0.026088 0.027379 0.028798 0.030417 0.032544 129.000000 
0.000001 0.030610 0.025389 0.024047 0.024332 0.025225 0.026359 0.027624 0.029013 0.030598 0.032680 129.500000 
0.000001 0.030805 0.025683 0.024364 0.024641 0.025515 0.026626 0.027864 0.029224 0.030776 0.032813 130.000000 
0.000001 0.030996 0.025970 0.024674 0.024943 0.025799 0.026886 0.028099 0.029431 0.030950 0.032944 130.500000 
0.000001 0.031183 0.026252 0.024978 0.025240 0.026077 0.027142 0.028329 0.029633 0.031121 0.033072 131.000000 
0.000001 0.031365 0.026527 0.025275 0.025530 0.026349 0.027392 0.028554 0.029831 0.031288 0.033197 131.500000 
0.000001 0.031543 0.026797 0.025566 0.025814 0.026616 0.027637 0.028775 0.030026 0.031452 0.033320 132.000000 
0.000001 0.031718 0.027062 0.025852 0.026093 0.026877 0.027877 0.028992 0.030216 0.031613 0.033441 132.500000 
0.000001 0.031888 0.027320 0.026131 0.026366 0.027134 0.028112 0.029204 0.030403 0.031770 0.033559 133.000000 
0.000001 0.032055 0.027574 0.026405 0.026633 0.027384 0.028342 0.029411 0.030585 0.031924 0.033675 133.500000 
0.000001 0.032218 0.027822 0.026673 0.026895 0.027630 0.028568 0.029615 0.030764 0.032075 0.033789 134.000000 
0.000001 0.032377 0.028065 0.026935 0.027151 0.027871 0.028789 0.029814 0.030940 0.032223 0.033900 134.500000 
0.000001 0.032533 0.028302 0.027193 0.027403 0.028107 0.029006 0.030010 0.031112 0.032368 0.034009 135.000000 
0.000001 0.032686 0.028535 0.027445 0.027649 0.028338 0.029218 0.030201 0.031280 0.032511 0.034116 135.500000 
0.000001 0.032835 0.028763 0.027692 0.027890 0.028564 0.029426 0.030389 0.031445 0.032650 0.034221 136.000000 
0.000001 0.032981 0.028987 0.027933 0.028126 0.028786 0.029630 0.030572 0.031607 0.032786 0.034324 136.500000 
0.000001 0.033123 0.029205 0.028170 0.028358 0.029004 0.029830 0.030753 0.031766 0.032920 0.034425 137.000000 
0.000001 0.033263 0.029419 0.028402 0.028585 0.029217 0.030026 0.030929 0.031921 0.033051 0.034524 137.500000 
0.000001 0.033399 0.029629 0.028630 0.028807 0.029425 0.030217 0.031102 0.032073 0.033180 0.034621 138.000000 
0.000001 0.033532 0.029835 0.028852 0.029025 0.029630 0.030405 0.031271 0.032223 0.033306 0.034716 138.500000 
0.000001 0.033663 0.030036 0.029070 0.029238 0.029830 0.030589 0.031437 0.032369 0.033429 0.034809 139.000000 
0.000001 0.033790 0.030233 0.029284 0.029447 0.030026 0.030770 0.031600 0.032512 0.033550 0.034901 139.500000 
0.000001 0.033915 0.030426 0.029493 0.029652 0.030219 0.030947 0.031760 0.032652 0.033669 0.034991 140.000000 
0.000001 0.034037 0.030614 0.029699 0.029852 0.030407 0.031120 0.031916 0.032790 0.033785 0.035078 140.500000 
0.000001 0.034156 0.030799 0.029900 0.030049 0.030592 0.031290 0.032069 0.032925 0.033899 0.035165 141.000000 
0.000001 0.034273 0.030981 0.030096 0.030242 0.030773 0.031456 0.032219 0.033057 0.034011 0.035249 141.500000 
0.000001 0.034387 0.031158 0.030289 0.030431 0.030950 0.031619 0.032366 0.033187 0.034120 0.035332 142.000000 
0.000001 0.034499 0.031332 0.030478 0.030616 0.031124 0.031779 0.032510 0.033314 0.034228 0.035414 142.500000 
0.000001 0.034608 0.031502 0.030664 0.030797 0.031295 0.031935 0.032652 0.033438 0.034333 0.035493 143.000000 
0.000001 0.034715 0.031669 0.030845 0.030975 0.031461 0.032089 0.032790 0.033560 0.034436 0.035571 143.500000 
0.000001 0.034819 0.031832 0.031023 0.031149 0.031625 0.032239 0.032926 0.033680 0.034537 0.035648 144.000000 
0.000001 0.034921 0.031992 0.031197 0.031319 0.031786 0.032387 0.033059 0.033797 0.034636 0.035723 144.500000 
0.000001 0.035021 0.032149 0.031368 0.031487 0.031943 0.032531 0.033189 0.033912 0.034734 0.035797 145.000000 
0.000001 0.035119 0.032303 0.031535 0.031651 0.032097 0.032673 0.033317 0.034024 0.034829 0.035870 145.500000 
0.000001 0.035215 0.032453 0.031699 0.031811 0.032248 0.032812 0.033442 0.034135 0.034922 0.035941 146.000000 
0.000001 0.035308 0.032600 0.031860 0.031969 0.032396 0.032948 0.033565 0.034243 0.035014 0.036010 146.500000 
0.000001 0.035400 0.032745 0.032018 0.032123 0.032541 0.033081 0.033686 0.034349 0.035104 0.036078 147.000000 
0.000001 0.035489 0.032886 0.032172 0.032275 0.032683 0.033212 0.033804 0.034453 0.035192 0.036145 147.500000 
0.000001 0.035577 0.033024 0.032323 0.032423 0.032823 0.033340 0.033919 0.034555 0.035278 0.036211 148.000000 
0.000001 0.035663 0.033160 0.032472 0.032568 0.032959 0.033466 0.034033 0.034655 0.035363 0.036276 148.500000 
0.000001 0.035747 0.033293 0.032617 0.032711 0.033093 0.033589 0.034144 0.034753 0.035446 0.036339 149.000000 
0.000001 0.035829 0.033423 0.032759 0.032850 0.033225 0.033710 0.034253 0.034850 0.035527 0.036401 149.500000 
0.000001 0.035909 0.033551 0.032899 0.032987 0.033354 0.033828 0.034360 0.034944 0.035607 0.036462 150.000000 
0.000001 0.035987 0.033676 0.033036 0.033122 0.033480 0.033945 0.034465 0.035036 0.035685 0.036521 150.500000 
0.000001 0.036064 0.033799 0.033170 0.033253 0.033604 0.034058 0.034568 0.035127 0.035762 0.036580 151.000000 
0.000001 0.036139 0.033919 0.033302 0.033382 0.033725 0.034170 0.034669 0.035216 0.035837 0.036638 151.500000 
0.000001 0.036213 0.034036 0.033431 0.033509 0.033844 0.034280 0.034767 0.035303 0.035911 0.036694 152.000000 
0.000001 0.036285 0.034152 0.033557 0.033633 0.033961 0.034387 0.034864 0.035388 0.035984 0.036749 152.500000 
0.000001 0.036355 0.034265 0.033681 0.033755 0.034075 0.034492 0.034960 0.035472 0.036055 0.036804 153.000000 
0.000001 0.036424 0.034376 0.033803 0.033874 0.034187 0.034596 0.035053 0.035555 0.036124 0.036857 153.500000 
0.000001 0.036492 0.034484 0.033922 0.033991 0.034298 0.034697 0.035144 0.035635 0.036193 0.036909 154.000000 
0.000001 0.036558 0.034591 0.034039 0.034106 0.034406 0.034796 0.035234 0.035714 0.036260 0.036960 154.500000 
0.000001 0.036622 0.034695 0.034153 0.034218 0.034511 0.034894 0.035322 0.035792 0.036326 0.037011 155.000000 
0.000001 0.036686 0.034797 0.034265 0.034329 0.034615 0.034989 0.035408 0.035868 0.036390 0.037060 155.500000 
0.000001 0.036748 0.034897 0.034376 0.034437 0.034717 0.035083 0.035493 0.035943 0.036454 0.037109 156.000000 
0.000001 0.036808 0.034996 0.034484 0.034543 0.034817 0.035175 0.035576 0.036016 0.036516 0.037156 156.500000 
0.000001 0.036868 0.035092 0.034590 0.034647 0.034915 0.035265 0.035657 0.036088 0.036577 0.037203 157.000000 
0.000001 0.036926 0.035186 0.034694 0.034749 0.035011 0.035354 0.035737 0.036159 0.036637 0.037249 157.500000 
0.000001 0.036982 0.035279 0.034796 0.034850 0.035106 0.035440 0.035816 0.036228 0.036695 0.037294 158.000000 
0.000001 0.037038 0.035370 0.034896 0.034948 0.035198 0.035526 0.035893 0.036296 0.036753 0.037338 158.500000 
0.000001 0.037093 0.035459 0.034994 0.035044 0.035289 0.035609 0.035968 0.036362 0.036809 0.037382 159.000000 
0.000001 0.037146 0.035546 0.035090 0.035139 0.035378 0.035691 0.036042 0.036428 0.036865 0.037424 159.500000 
0.000001 0.037198 0.035631 0.035184 0.035232 0.035466 0.035772 0.036115 0.036492 0.036919 0.037466 160.000000 
0.000001 0.037249 0.035715 0.035277 0.035323 0.035551 0.035851 0.036187 0.036555 0.036973 0.037507 160.500000 
0.000001 0.037299 0.035798 0.035368 0.035413 0.035636 0.035928 0.036257 0.036617 0.037025 0.037548 161.000000 
0.000001 0.037348 0.035878 0.035457 0.035500 0.035718 0.036004 0.036325 0.036678 0.037077 0.037587 161.500000 
0.000001 0.037396 0.035958 0.035545 0.035587 0.035799 0.036079 0.036393 0.036737 0.037128 0.037626 162.000000 
0.000001 0.037443 0.036035 0.035630 0.035671 0.035879 0.036152 0.036459 0.036796 0.037177 0.037665 162.500000 
0.000001 0.037489 0.036111 0.035715 0.035754 0.035957 0.036224 0.036524 0.036853 0.037226 0.037702 163.000000 
0.000001 0.037535 0.036186 0.035797 0.035836 0.036034 0.036295 0.036588 0.036910 0.037274 0.037739 163.500000 
0.000001 0.037579 0.036260 0.035879 0.035916 0.036109 0.036365 0.036651 0.036965 0.037321 0.037776 164.000000 
0.000001 0.037622 0.036331 0.035958 0.035994 0.036183 0.036433 0.036712 0.037019 0.037367 0.037811 164.500000 
0.000001 0.037665 0.036402 0.036037 0.036071 0.036256 0.036500 0.036773 0.037073 0.037413 0.037846 165.000000 
0.000001 0.037706 0.036471 0.036114 0.036147 0.036328 0.036565 0.036832 0.037125 0.037457 0.037881 165.500000 
0.000001 0.037747 0.036539 0.036189 0.036221 0.036398 0.036630 0.036891 0.037177 0.037501 0.037914 166.000000 
0.000001 0.037787 0.036606 0.036263 0.036294 0.036466 0.036693 0.036948 0.037228 0.037544 0.037948 166.500000 
0.000001 0.037826 0.036672 0.036336 0.036366 0.036534 0.036756 0.037004 0.037277 0.037587 0.037980 167.000000 
0.000001 0.037864 0.036736 0.036407 0.036437 0.036601 0.036817 0.037060 0.037326 0.037628 0.038013 167.500000 
0.000001 0.037902 0.036799 0.036478 0.036506 0.036666 0.036877 0.037114 0.037374 0.037669 0.038044 168.000000 
0.000001 0.037939 0.036861 0.036547 0.036574 0.036730 0.036936 0.037167 0.037421 0.037709 0.038075 168.500000 
0.000001 0.037975 0.036922 0.036614 0.036641 0.036793 0.036994 0.037220 0.037468 0.037749 0.038106 169.000000 
0.000001 0.038010 0.036982 0.036681 0.036707 0.036855 0.037051 0.037272 0.037513 0.037787 0.038136 169.500000 
0.000001 0.038045 0.037041 0.036746 0.036771 0.036916 0.037107 0.037322 0.037558 0.037826 0.038165 170.000000 
0.000001 0.038079 0.037099 0.036811 0.036835 0.036976 0.037162 0.037372 0.037602 0.037863 0.038194 170.500000 
0.000001 0.038113 0.037155 0.036874 0.036897 0.037035 0.037217 0.037421 0.037646 0.037900 0.038223 171.000000 
0.000001 0.038145 0.037211 0.036936 0.036958 0.037092 0.037270 0.037469 0.037688 0.037936 0.038251 171.500000 
0.000001 0.038178 0.037266 0.036997 0.037019 0.037149 0.037322 0.037517 0.037730 0.037972 0.038279 172.000000 
0.000001 0.038209 0.037320 0.037057 0.037078 0.037205 0.037374 0.037564 0.037772 0.038007 0.038306 172.500000 
0.000001 0.038240 0.037373 0.037116 0.037136 0.037260 0.037425 0.037609 0.037812 0.038042 0.038333 173.000000 
0.000001 0.038271 0.037425 0.037175 0.037194 0.037315 0.037475 0.037655 0.037852 0.038076 0.038359 173.500000 
0.000001 0.038301 0.037476 0.037232 0.037250 0.037368 0.037524 0.037699 0.037891 0.038109 0.038385 174.000000 
0.000001 0.038330 0.037526 0.037288 0.037306 0.037420 0.037572 0.037743 0.037930 0.038142 0.038411 174.500000 
0.000001 0.038359 0.037576 0.037343 0.037361 0.037472 0.037620 0.037786 0.037968 0.038174 0.038436 175.000000 
0.000001 0.038387 0.037624 0.037398 0.037414 0.037523 0.037666 0.037828 0.038006 0.038206 0.038461 175.500000 
0.000001 0.038415 0.037672 0.037451 0.037467 0.037573 0.037713 0.037870 0.038042 0.038238 0.038485 176.000000 
0.000001 0.038442 0.037719 0.037504 0.037520 0.037622 0.037758 0.037911 0.038079 0.038269 0.038509 176.500000 
0.000001 0.038469 0.037765 0.037556 0.037571 0.037670 0.037803 0.037951 0.038115 0.038299 0.038533 177.000000 
0.000001 0.038495 0.037811 0.037607 0.037622 0.037718 0.037847 0.037991 0.038150 0.038329 0.038556 177.500000 
0.000001 0.038521 0.037856 0.037658 0.037671 0.037765 0.037890 0.038030 0.038184 0.038359 0.038579 178.000000 
0.000001 0.038547 0.037900 0.037707 0.037721 0.037812 0.037933 0.038069 0.038219 0.038388 0.038602 178.500000 
0.000001 0.038572 0.037944 0.037756 0.037769 0.037857 0.037975 0.038107 0.038252 0.038417 0.038625 179.000000 
0.000001 0.038596 0.037987 0.037804 0.037817 0.037902 0.038016 0.038145 0.038286 0.038445 0.038647 179.500000 
0.000001 0.038620 0.038029 0.037852 0.037864 0.037947 0.038057 0.038182 0.038318 0.038473 0.038668 180.000000 
0.000001 0.038644 0.038071 0.037899 0.037910 0.037990 0.038098 0.038218 0.038351 0.038501 0.038690 180.500000 
0.000001 0.038668 0.038112 0.037945 0.037956 0.038034 0.038138 0.038254 0.038383 0.038528 0.038711 181.000000 
0.000001 0.038691 0.038152 0.037990 0.038001 0.038076 0.038177 0.038290 0.038414 0.038555 0.038732 181.500000 
0.000001 0.038714 0.038192 0.038035 0.038045 0.038118 0.038216 0.038325 0.038445 0.038581 0.038753 182.000000 
0.000001 0.038736 0.038231 0.038080 0.038089 0.038160 0.038254 0.038360 0.038476 0.038607 0.038773 182.500000 
0.000001 0.038758 0.038270 0.038123 0.038133 0.038201 0.038292 0.038394 0.038506 0.038633 0.038793 183.000000 
0.000001 0.038780 0.038308 0.038166 0.038175 0.038241 0.038329 0.038428 0.038536 0.038658 0.038813 183.500000 
0.000001 0.038801 0.038346 0.038209 0.038218 0.038281 0.038366 0.038461 0.038565 0.038684 0.038833 184.000000 
0.000001 0.038822 0.038384 0.038251 0.038259 0.038320 0.038402 0.038494 0.038595 0.038709 0.038852 184.500000 
0.000001 0.038843 0.038420 0.038293 0.038301 0.038359 0.038438 0.038526 0.038623 0.038733 0.038872 185.000000 
0.000001 0.038864 0.038457 0.038334 0.038341 0.038398 0.038473 0.038559 0.038652 0.038757 0.038891 185.500000 
0.000001 0.038884 0.038493 0.038374 0.038382 0.038436 0.038509 0.038590 0.038680 0.038781 0.038909 186.000000 
0.000001 0.038904 0.038528 0.038415 0.038421 0.038474 0.038543 0.038622 0.038708 0.038805 0.038928 186.500000 
0.000001 0.038924 0.038563 0.038454 0.038461 0.038511 0.038578 0.038653 0.038735 0.038829 0.038946 187.000000 
0.000001 0.038943 0.038598 0.038494 0.038500 0.038548 0.038611 0.038684 0.038763 0.038852 0.038965 187.500000 
0.000001 0.038963 0.038632 0.038532 0.038538 0.038584 0.038645 0.038714 0.038790 0.038875 0.038983 188.000000 
0.000001 0.038982 0.038666 0.038571 0.038576 0.038620 0.038678 0.038744 0.038816 0.038898 0.039001 188.500000 
0.000001 0.039000 0.038700 0.038609 0.038614 0.038656 0.038711 0.038774 0.038843 0.038920 0.039018 189.000000 
0.000001 0.039019 0.038733 0.038647 0.038652 0.038691 0.038744 0.038803 0.038869 0.038943 0.039036 189.500000 
0.000001 0.039038 0.038766 0.038684 0.038689 0.038726 0.038776 0.038833 0.038895 0.038965 0.039053 190.000000 
0.000001 0.039056 0.038799 0.038721 0.038725 0.038761 0.038808 0.038862 0.038920 0.038987 0.039070 190.500000 
0.000001 0.039074 0.038831 0.038757 0.038762 0.038795 0.038840 0.038890 0.038946 0.039008 0.039087 191.000000 
0.000001 0.039092 0.038863 0.038794 0.038798 0.038829 0.038871 0.038919 0.038971 0.039030 0.039104 191.500000 
0.000001 0.039109 0.038895 0.038830 0.038833 0.038863 0.038903 0.038947 0.038996 0.039051 0.039121 192.000000 
0.000001 0.039127 0.038927 0.038866 0.038869 0.038897 0.038934 0.038975 0.039021 0.039073 0.039138 192.500000 
0.000001 0.039144 0.038958 0.038901 0.038904 0.038930 0.038964 0.039003 0.039046 0.039094 0.039154 193.000000 
0.000001 0.039162 0.038989 0.038936 0.038939 0.038963 0.038995 0.039031 0.039070 0.039115 0.039171 193.500000 
0.000001 0.039179 0.039020 0.038971 0.038974 0.038996 0.039025 0.039058 0.039094 0.039135 0.039187 194.000000 
0.000001 0.039196 0.039050 0.039006 0.039008 0.039028 0.039055 0.039085 0.039119 0.039156 0.039203 194.500000 
0.000001 0.039213 0.039081 0.039040 0.039043 0.039061 0.039085 0.039112 0.039143 0.039176 0.039219 195.000000 
0.000001 0.039229 0.039111 0.039075 0.039077 0.039093 0.039115 0.039139 0.039166 0.039197 0.039235 195.500000 
0.000001 0.039246 0.039141 0.039109 0.039111 0.039125 0.039144 0.039166 0.039190 0.039217 0.039251 196.000000 
0.000001 0.039262 0.039171 0.039143 0.039144 0.039157 0.039174 0.039193 0.039214 0.039237 0.039267 196.500000 
0.000001 0.039279 0.039200 0.039177 0.039178 0.039189 0.039203 0.039219 0.039237 0.039257 0.039283 197.000000 
0.000001 0.039295 0.039230 0.039210 0.039211 0.039220 0.039232 0.039246 0.039261 0.039277 0.039299 197.500000 
0.000001 0.039312 0.039259 0.039244 0.039244 0.039252 0.039261 0.039272 0.039284 0.039297 0.039314 198.000000 
0.000001 0.039328 0.039289 0.039277 0.039278 0.039283 0.039290 0.039298 0.039307 0.039317 0.039330 198.500000 
0.000001 0.039344 0.039318 0.039310 0.039310 0.039314 0.039319 0.039324 0.039330 0.039337 0.039345 199.000000 
0.000001 0.039360 0.039347 0.039343 0.039343 0.039345 0.039348 0.039350 0.039353 0.039357 0.039361 199.500000 
0.039376 0.039376 0.039376 0.039376 0.039376 0.039376 0.039376 0.039376 0.039376 0.039376 0.039376 200.000000 
