0.000000 0.052672 0.106356 0.160041 0.213727 0.267413 0.321099 0.374786 0.428473 0.482160 0.535849 0.000000 
0.000000 0.052674 0.106358 0.160043 0.213729 0.267415 0.321102 0.374788 0.428475 0.482162 0.535852 0.500000 
0.000000 0.052681 0.106365 0.160050 0.213736 0.267422 0.321108 0.374795 0.428482 0.482169 0.535860 1.000000 
0.000000 0.052691 0.106375 0.160061 0.213747 0.267433 0.321119 0.374806 0.428492 0.482180 0.535873 1.500000 
0.000000 0.052706 0.106390 0.160076 0.213762 0.267448 0.321134 0.374821 0.428507 0.482195 0.535890 2.000000 
0.000000 0.052725 0.106409 0.160095 0.213781 0.267467 0.321153 0.374840 0.428526 0.482214 0.535911 2.500000 
0.000000 0.052748 0.106432 0.160118 0.213803 0.267490 0.321176 0.374862 0.428549 0.482237 0.535937 3.000000 
0.000000 0.052774 0.106459 0.160144 0.213830 0.267516 0.321202 0.374889 0.428576 0.482263 0.535966 3.500000 
0.000000 0.052804 0.106488 0.160173 0.213859 0.267545 0.321232 0.374918 0.428605 0.482292 0.535999 4.000000 
0.000000 0.052836 0.106520 0.160206 0.213892 0.267578 0.321264 0.374951 0.428638 0.482325 0.536034 4.500000 
0.000000 0.052871 0.106555 0.160241 0.213927 0.267613 0.321299 0.374986 0.428673 0.482360 0.536073 5.000000 
0.000000 0.052909 0.106593 0.160278 0.213964 0.267650 0.321336 0.375023 0.428710 0.482397 0.536114 5.500000 
0.000000 0.052947 0.106632 0.160317 0.214003 0.267689 0.321375 0.375062 0.428749 0.482436 0.536157 6.000000 
0.000000 0.052988 0.106672 0.160357 0.214043 0.267729 0.321416 0.375102 0.428789 0.482476 0.536201 6.500000 
0.000000 0.053029 0.106713 0.160399 0.214085 0.267771 0.321457 0.375144 0.428830 0.482518 0.536247 7.000000 
0.000000 0.053071 0.106755 0.160441 0.214127 0.267813 0.321499 0.375186 0.428873 0.482560 0.536293 7.500000 
0.000000 0.053114 0.106798 0.160483 0.214169 0.267855 0.321541 0.375228 0.428915 0.482602 0.536340 8.000000 
0.000000 0.053156 0.106840 0.160525 0.214211 0.267897 0.321584 0.375270 0.428957 0.482644 0.536387 8.500000 
0.000000 0.053198 0.106882 0.160567 0.214253 0.267939 0.321626 0.375312 0.428999 0.482686 0.536434 9.000000 
0.000000 0.053239 0.106923 0.160608 0.214294 0.267980 0.321667 0.375353 0.429040 0.482728 0.536480 9.500000 
0.000000 0.053279 0.106963 0.160649 0.214334 0.268021 0.321707 0.375394 0.429080 0.482768 0.536525 10.000000 
0.000000 0.053318 0.107002 0.160688 0.214373 0.268060 0.321746 0.375432 0.429119 0.482807 0.536570 10.500000 
0.000000 0.053356 0.107040 0.160725 0.214411 0.268097 0.321783 0.375470 0.429157 0.482845 0.536613 11.000000 
0.000000 0.053391 0.107076 0.160761 0.214447 0.268133 0.321819 0.375506 0.429193 0.482884 0.536654 11.500000 
0.000000 0.053426 0.107110 0.160795 0.214481 0.268167 0.321854 0.375540 0.429227 0.482929 0.536694 12.000000 
0.000000 0.053458 0.107142 0.160828 0.214513 0.268200 0.321886 0.375573 0.429260 0.482986 0.536733 12.500000 
0.000000 0.053488 0.107173 0.160858 0.214544 0.268230 0.321916 0.375603 0.429290 0.483042 0.536769 13.000000 
0.000000 0.053517 0.107201 0.160886 0.214572 0.268259 0.321945 0.375632 0.429319 0.483085 0.536804 13.500000 
0.000000 0.053543 0.107228 0.160913 0.214599 0.268285 0.321971 0.375658 0.429345 0.483120 0.536837 14.000000 
0.000000 0.053568 0.107252 0.160938 0.214623 0.268310 0.321996 0.375683 0.429371 0.483152 0.536868 14.500000 
0.000000 0.053590 0.107275 0.160960 0.214646 0.268332 0.322019 0.375705 0.429396 0.483182 0.536897 15.000000 
0.000000 0.053611 0.107295 0.160981 0.214667 0.268353 0.322039 0.375726 0.429425 0.483210 0.536925 15.500000 
0.000000 0.053630 0.107314 0.161000 0.214686 0.268372 0.322058 0.375745 0.429470 0.483237 0.536951 16.000000 
0.000000 0.053647 0.107331 0.161017 0.214703 0.268389 0.322076 0.375762 0.429527 0.483261 0.536975 16.500000 
0.000000 0.053663 0.107347 0.161032 0.214718 0.268405 0.322091 0.375778 0.429567 0.483284 0.536998 17.000000 
0.000000 0.053677 0.107361 0.161046 0.214732 0.268419 0.322105 0.375794 0.429594 0.483306 0.537019 17.500000 
0.000000 0.053689 0.107373 0.161059 0.214745 0.268431 0.322118 0.375814 0.429616 0.483326 0.537040 18.000000 
0.000000 0.053700 0.107385 0.161070 0.214756 0.268442 0.322129 0.375847 0.429635 0.483346 0.537058 18.500000 
0.000000 0.053710 0.107394 0.161080 0.214766 0.268452 0.322139 0.375903 0.429654 0.483364 0.537076 19.000000 
0.000000 0.053719 0.107403 0.161089 0.214775 0.268461 0.322149 0.375949 0.429671 0.483380 0.537093 19.500000 
0.000000 0.053726 0.107411 0.161096 0.214782 0.268468 0.322162 0.375975 0.429687 0.483397 0.537109 20.000000 
0.000000 0.053733 0.107417 0.161103 0.214789 0.268475 0.322186 0.375994 0.429702 0.483412 0.537124 20.500000 
0.000000 0.053739 0.107423 0.161109 0.214795 0.268482 0.322236 0.376009 0.429717 0.483426 0.537138 21.000000 
0.000000 0.053744 0.107428 0.161114 0.214800 0.268489 0.322292 0.376024 0.429731 0.483440 0.537152 21.500000 
0.000000 0.053748 0.107432 0.161118 0.214804 0.268501 0.322324 0.376037 0.429744 0.483453 0.537165 22.000000 
0.000000 0.053752 0.107436 0.161122 0.214808 0.268530 0.322342 0.376050 0.429757 0.483466 0.537178 22.500000 
0.000000 0.053755 0.107439 0.161125 0.214813 0.268589 0.322357 0.376063 0.429770 0.483479 0.537191 23.000000 
0.000000 0.053758 0.107442 0.161128 0.214822 0.268643 0.322370 0.376076 0.429783 0.483491 0.537203 23.500000 
0.000000 0.053760 0.107445 0.161131 0.214844 0.268672 0.322383 0.376089 0.429796 0.483504 0.537216 24.000000 
0.000000 0.053763 0.107448 0.161136 0.214898 0.268690 0.322397 0.376102 0.429809 0.483517 0.537229 24.500000 
0.000000 0.053766 0.107451 0.161146 0.214966 0.268706 0.322411 0.376117 0.429823 0.483532 0.537244 25.000000 
0.000000 0.053771 0.107456 0.161171 0.215008 0.268723 0.322427 0.376133 0.429839 0.483548 0.537260 25.500000 
0.000000 0.053777 0.107465 0.161233 0.215035 0.268742 0.322446 0.376151 0.429858 0.483567 0.537278 26.000000 
0.000000 0.053786 0.107485 0.161317 0.215061 0.268766 0.322470 0.376175 0.429882 0.483590 0.537302 26.500000 
0.000000 0.053803 0.107533 0.161379 0.215094 0.268798 0.322502 0.376208 0.429914 0.483623 0.537335 27.000000 
0.000000 0.053835 0.107636 0.161434 0.215141 0.268845 0.322549 0.376254 0.429960 0.483669 0.537381 27.500000 
0.000000 0.053899 0.107767 0.161506 0.215211 0.268914 0.322618 0.376323 0.430030 0.483739 0.537451 28.000000 
0.000000 0.054036 0.107898 0.161613 0.215316 0.269019 0.322724 0.376429 0.430135 0.483844 0.537556 28.500000 
0.000000 0.054267 0.108058 0.161764 0.215467 0.269171 0.322875 0.376580 0.430287 0.483995 0.537708 29.000000 
0.000000 0.054495 0.108230 0.161934 0.215637 0.269341 0.323045 0.376750 0.430457 0.484165 0.537878 29.500000 
0.000000 0.054522 0.108237 0.161941 0.215644 0.269347 0.323052 0.376757 0.430463 0.484172 0.537885 30.000000 
0.000000 0.054304 0.108013 0.161716 0.215419 0.269123 0.322827 0.376532 0.430239 0.483948 0.537661 30.500000 
0.000000 0.054136 0.107842 0.161546 0.215249 0.268952 0.322656 0.376361 0.430068 0.483777 0.537491 31.000000 
0.000000 0.054052 0.107758 0.161462 0.215165 0.268868 0.322572 0.376278 0.429984 0.483694 0.537408 31.500000 
0.000000 0.054014 0.107720 0.161423 0.215126 0.268830 0.322534 0.376239 0.429946 0.483655 0.537370 32.000000 
0.000000 0.053999 0.107705 0.161408 0.215111 0.268815 0.322519 0.376224 0.429931 0.483641 0.537356 32.500000 
0.000000 0.053997 0.107703 0.161407 0.215110 0.268813 0.322517 0.376223 0.429930 0.483640 0.537355 33.000000 
0.000000 0.054003 0.107709 0.161413 0.215116 0.268819 0.322523 0.376229 0.429936 0.483646 0.537361 33.500000 
0.000000 0.054014 0.107720 0.161423 0.215126 0.268830 0.322534 0.376240 0.429947 0.483657 0.537373 34.000000 
0.000000 0.054027 0.107734 0.161437 0.215141 0.268844 0.322549 0.376254 0.429962 0.483672 0.537388 34.500000 
0.000000 0.054044 0.107751 0.161454 0.215157 0.268861 0.322565 0.376271 0.429979 0.483689 0.537406 35.000000 
0.000000 0.054062 0.107769 0.161473 0.215176 0.268880 0.322584 0.376290 0.429998 0.483709 0.537426 35.500000 
0.000000 0.054082 0.107789 0.161493 0.215196 0.268900 0.322605 0.376311 0.430019 0.483730 0.537447 36.000000 
0.000000 0.054104 0.107811 0.161515 0.215218 0.268922 0.322627 0.376333 0.430041 0.483753 0.537471 36.500000 
0.000000 0.054128 0.107835 0.161539 0.215242 0.268946 0.322651 0.376357 0.430066 0.483778 0.537496 37.000000 
0.000000 0.054153 0.107860 0.161564 0.215268 0.268972 0.322677 0.376383 0.430092 0.483804 0.537523 37.500000 
0.000000 0.054179 0.107887 0.161591 0.215295 0.268999 0.322704 0.376411 0.430119 0.483832 0.537552 38.000000 
0.000000 0.054208 0.107916 0.161620 0.215324 0.269028 0.322733 0.376440 0.430149 0.483862 0.537583 38.500000 
0.000000 0.054238 0.107947 0.161651 0.215355 0.269059 0.322764 0.376471 0.430181 0.483894 0.537615 39.000000 
0.000000 0.054271 0.107979 0.161684 0.215387 0.269092 0.322798 0.376505 0.430215 0.483928 0.537650 39.500000 
0.000000 0.054305 0.108014 0.161719 0.215423 0.269127 0.322833 0.376541 0.430251 0.483965 0.537688 40.000000 
0.000000 0.054342 0.108051 0.161756 0.215460 0.269165 0.322871 0.376579 0.430289 0.484004 0.537727 40.500000 
0.000000 0.054382 0.108091 0.161796 0.215500 0.269205 0.322911 0.376619 0.430330 0.484045 0.537770 41.000000 
0.000000 0.054424 0.108134 0.161839 0.215543 0.269248 0.322954 0.376663 0.430374 0.484090 0.537815 41.500000 
0.000000 0.054469 0.108179 0.161884 0.215589 0.269294 0.323001 0.376709 0.430421 0.484137 0.537864 42.000000 
0.000000 0.054517 0.108227 0.161933 0.215638 0.269343 0.323050 0.376759 0.430471 0.484188 0.537915 42.500000 
0.000000 0.054569 0.108279 0.161985 0.215690 0.269396 0.323103 0.376812 0.430524 0.484242 0.537971 43.000000 
0.000000 0.054624 0.108335 0.162041 0.215746 0.269452 0.323159 0.376869 0.430581 0.484300 0.538030 43.500000 
0.000000 0.054683 0.108394 0.162100 0.215805 0.269512 0.323219 0.376929 0.430642 0.484361 0.538093 44.000000 
0.000000 0.054746 0.108457 0.162164 0.215869 0.269576 0.323284 0.376994 0.430708 0.484427 0.538160 44.500000 
0.000000 0.054813 0.108525 0.162232 0.215938 0.269644 0.323352 0.377063 0.430777 0.484498 0.538232 45.000000 
0.000000 0.054885 0.108598 0.162304 0.216010 0.269717 0.323426 0.377137 0.430852 0.484573 0.538309 45.500000 
0.000000 0.054962 0.108675 0.162382 0.216088 0.269796 0.323505 0.377216 0.430932 0.484654 0.538391 46.000000 
0.000000 0.055044 0.108758 0.162465 0.216171 0.269879 0.323588 0.377300 0.431017 0.484740 0.538479 46.500000 
0.000000 0.055132 0.108846 0.162553 0.216260 0.269968 0.323678 0.377390 0.431107 0.484831 0.538572 47.000000 
0.000000 0.055225 0.108940 0.162648 0.216355 0.270063 0.323773 0.377486 0.431204 0.484929 0.538672 47.500000 
0.000000 0.055325 0.109040 0.162748 0.216456 0.270164 0.323875 0.377588 0.431307 0.485033 0.538778 48.000000 
0.000000 0.055431 0.109146 0.162855 0.216563 0.270272 0.323983 0.377697 0.431416 0.485144 0.538891 48.500000 
0.000000 0.055543 0.109260 0.162969 0.216677 0.270387 0.324098 0.377813 0.431533 0.485262 0.539011 49.000000 
0.000000 0.055663 0.109381 0.163090 0.216799 0.270508 0.324221 0.377936 0.431657 0.485387 0.539138 49.500000 
0.000000 0.055791 0.109509 0.163218 0.216928 0.270638 0.324350 0.378067 0.431788 0.485520 0.539274 50.000000 
0.000000 0.055926 0.109644 0.163355 0.217064 0.270775 0.324488 0.378205 0.431928 0.485661 0.539417 50.500000 
0.000000 0.056069 0.109788 0.163499 0.217209 0.270920 0.324634 0.378352 0.432076 0.485810 0.539569 51.000000 
0.000000 0.056220 0.109941 0.163652 0.217362 0.271074 0.324789 0.378507 0.432232 0.485968 0.539730 51.500000 
0.000000 0.056380 0.110102 0.163814 0.217524 0.271237 0.324952 0.378671 0.432397 0.486135 0.539901 52.000000 
0.000000 0.056549 0.110272 0.163984 0.217695 0.271408 0.325124 0.378844 0.432572 0.486311 0.540080 52.500000 
0.000000 0.056727 0.110451 0.164164 0.217876 0.271589 0.325306 0.379027 0.432755 0.486497 0.540270 53.000000 
0.000000 0.056915 0.110639 0.164353 0.218065 0.271780 0.325497 0.379219 0.432949 0.486692 0.540469 53.500000 
0.000000 0.057112 0.110837 0.164552 0.218265 0.271980 0.325698 0.379421 0.433152 0.486898 0.540679 54.000000 
0.000000 0.057319 0.111045 0.164760 0.218474 0.272190 0.325909 0.379633 0.433366 0.487114 0.540899 54.500000 
0.000000 0.057536 0.111263 0.164979 0.218694 0.272410 0.326130 0.379856 0.433590 0.487340 0.541130 55.000000 
0.000000 0.057763 0.111492 0.165208 0.218923 0.272640 0.326361 0.380088 0.433824 0.487577 0.541372 55.500000 
0.000000 0.058000 0.111730 0.165447 0.219163 0.272881 0.326603 0.380331 0.434069 0.487824 0.541625 56.000000 
0.000000 0.058247 0.111979 0.165697 0.219414 0.273132 0.326856 0.380585 0.434325 0.488083 0.541890 56.500000 
0.000000 0.058504 0.112238 0.165957 0.219674 0.273394 0.327118 0.380849 0.434591 0.488352 0.542165 57.000000 
0.000000 0.058772 0.112507 0.166227 0.219945 0.273666 0.327392 0.381124 0.434868 0.488632 0.542452 57.500000 
0.000000 0.059050 0.112787 0.166508 0.220227 0.273949 0.327676 0.381410 0.435156 0.488924 0.542750 58.000000 
0.000000 0.059338 0.113077 0.166799 0.220519 0.274242 0.327970 0.381706 0.435454 0.489226 0.543060 58.500000 
0.000000 0.059636 0.113377 0.167100 0.220821 0.274545 0.328275 0.382012 0.435763 0.489539 0.543382 59.000000 
0.000000 0.059944 0.113687 0.167411 0.221133 0.274859 0.328590 0.382329 0.436083 0.489862 0.543714 59.500000 
0.000000 0.060262 0.114007 0.167732 0.221456 0.275182 0.328915 0.382656 0.436413 0.490197 0.544058 60.000000 
0.000000 0.060589 0.114336 0.168063 0.221788 0.275516 0.329250 0.382994 0.436753 0.490542 0.544414 60.500000 
0.000000 0.060926 0.114675 0.168403 0.222129 0.275859 0.329595 0.383341 0.437103 0.490897 0.544780 61.000000 
0.000000 0.061271 0.115023 0.168752 0.222480 0.276211 0.329949 0.383697 0.437463 0.491262 0.545158 61.500000 
0.000000 0.061626 0.115380 0.169111 0.222840 0.276572 0.330312 0.384063 0.437832 0.491637 0.545547 62.000000 
0.000000 0.061988 0.115745 0.169477 0.223208 0.276942 0.330684 0.384438 0.438211 0.492022 0.545946 62.500000 
0.000000 0.062359 0.116119 0.169853 0.223585 0.277321 0.331065 0.384822 0.438599 0.492416 0.546357 63.000000 
0.000000 0.062737 0.116500 0.170236 0.223970 0.277708 0.331454 0.385214 0.438995 0.492820 0.546778 63.500000 
0.000000 0.063122 0.116889 0.170627 0.224362 0.278102 0.331851 0.385614 0.439400 0.493233 0.547210 64.000000 
0.000000 0.063515 0.117285 0.171025 0.224762 0.278504 0.332256 0.386022 0.439813 0.493654 0.547653 64.500000 
0.000000 0.063914 0.117688 0.171429 0.225169 0.278913 0.332668 0.386438 0.440234 0.494083 0.548107 65.000000 
0.000000 0.064319 0.118097 0.171841 0.225582 0.279329 0.333086 0.386861 0.440663 0.494521 0.548572 65.500000 
0.000000 0.064730 0.118512 0.172258 0.226002 0.279752 0.333512 0.387290 0.441099 0.494967 0.549049 66.000000 
0.000000 0.065146 0.118933 0.172682 0.226428 0.280180 0.333944 0.387726 0.441541 0.495421 0.549538 66.500000 
0.000000 0.065568 0.119359 0.173111 0.226859 0.280614 0.334382 0.388169 0.441991 0.495883 0.550039 67.000000 
0.000000 0.065993 0.119791 0.173545 0.227296 0.281054 0.334825 0.388618 0.442447 0.496352 0.550554 67.500000 
0.000000 0.066424 0.120227 0.173984 0.227738 0.281499 0.335274 0.389072 0.442909 0.496828 0.551083 68.000000 
0.000000 0.066858 0.120667 0.174427 0.228184 0.281949 0.335728 0.389532 0.443378 0.497312 0.551629 68.500000 
0.000000 0.067296 0.121111 0.174874 0.228635 0.282403 0.336187 0.389997 0.443852 0.497804 0.552194 69.000000 
0.000000 0.067736 0.121559 0.175326 0.229089 0.282862 0.336650 0.390467 0.444332 0.498303 0.552780 69.500000 
0.000000 0.068180 0.122010 0.175781 0.229548 0.283324 0.337118 0.390942 0.444818 0.498809 0.553390 70.000000 
0.000000 0.068626 0.122464 0.176239 0.230010 0.283791 0.337590 0.391422 0.445310 0.499323 0.554029 70.500000 
0.000000 0.069074 0.122921 0.176700 0.230475 0.284261 0.338066 0.391906 0.445807 0.499845 0.554701 71.000000 
0.000000 0.069524 0.123380 0.177164 0.230943 0.284734 0.338546 0.392395 0.446309 0.500375 0.555414 71.500000 
0.000000 0.069976 0.123842 0.177631 0.231415 0.285210 0.339029 0.392888 0.446817 0.500915 0.556174 72.000000 
0.000000 0.070428 0.124305 0.178099 0.231888 0.285690 0.339516 0.393385 0.447331 0.501464 0.556992 72.500000 
0.000000 0.070882 0.124771 0.178570 0.232364 0.286172 0.340006 0.393886 0.447850 0.502024 0.557878 73.000000 
0.000000 0.071335 0.125237 0.179042 0.232842 0.286656 0.340499 0.394391 0.448375 0.502595 0.558845 73.500000 
0.000000 0.071789 0.125705 0.179517 0.233322 0.287144 0.340996 0.394901 0.448907 0.503181 0.559910 74.000000 
0.000000 0.072242 0.126174 0.179992 0.233805 0.287633 0.341495 0.395415 0.449445 0.503781 0.561091 74.500000 
0.000000 0.072695 0.126644 0.180470 0.234289 0.288126 0.341998 0.395933 0.449991 0.504400 0.562409 75.000000 
0.000000 0.073147 0.127114 0.180948 0.234775 0.288620 0.342505 0.396457 0.450544 0.505041 0.563887 75.500000 
0.000000 0.073597 0.127586 0.181428 0.235262 0.289118 0.343014 0.396985 0.451107 0.505707 0.565552 76.000000 
0.000000 0.074046 0.128058 0.181909 0.235752 0.289618 0.343528 0.397520 0.451680 0.506405 0.567434 76.500000 
0.000000 0.074492 0.128531 0.182392 0.236245 0.290121 0.344046 0.398061 0.452265 0.507140 0.569565 77.000000 
0.000000 0.074937 0.129005 0.182877 0.236740 0.290628 0.344569 0.398609 0.452864 0.507922 0.571980 77.500000 
0.000000 0.075379 0.129481 0.183364 0.237238 0.291139 0.345098 0.399166 0.453480 0.508761 0.574714 78.000000 
0.000000 0.075817 0.129959 0.183854 0.237739 0.291655 0.345633 0.399733 0.454116 0.509669 0.577805 78.500000 
0.000000 0.076252 0.130439 0.184348 0.238245 0.292176 0.346176 0.400311 0.454776 0.510662 0.581290 79.000000 
0.000000 0.076682 0.130922 0.184846 0.238757 0.292704 0.346728 0.400904 0.455465 0.511759 0.585207 79.500000 
0.000000 0.077106 0.131409 0.185349 0.239275 0.293241 0.347291 0.401513 0.456190 0.512982 0.589588 80.000000 
0.000000 0.077524 0.131901 0.185858 0.239801 0.293787 0.347867 0.402142 0.456959 0.514358 0.594466 80.500000 
0.000000 0.077933 0.132399 0.186376 0.240336 0.294344 0.348458 0.402795 0.457782 0.515919 0.599866 81.000000 
0.000000 0.078332 0.132905 0.186903 0.240883 0.294916 0.349066 0.403477 0.458670 0.517702 0.605810 81.500000 
0.000000 0.078718 0.133420 0.187442 0.241443 0.295503 0.349697 0.404194 0.459639 0.519748 0.612310 82.000000 
0.000000 0.079087 0.133947 0.187994 0.242020 0.296111 0.350353 0.404953 0.460707 0.522106 0.619374 82.500000 
0.000000 0.079435 0.134487 0.188563 0.242615 0.296741 0.351040 0.405764 0.461897 0.524831 0.626998 83.000000 
0.000000 0.079756 0.135043 0.189152 0.243234 0.297398 0.351764 0.406637 0.463233 0.527982 0.635172 83.500000 
0.000000 0.080044 0.135617 0.189763 0.243878 0.298088 0.352532 0.407586 0.464749 0.531625 0.643878 84.000000 
0.000000 0.080290 0.136214 0.190402 0.244554 0.298815 0.353352 0.408627 0.466482 0.535830 0.653087 84.500000 
0.000000 0.080486 0.136835 0.191071 0.245267 0.299588 0.354235 0.409781 0.468476 0.540671 0.662767 85.000000 
0.000000 0.080618 0.137486 0.191777 0.246022 0.300413 0.355193 0.411071 0.470783 0.546223 0.672879 85.500000 
0.000000 0.080674 0.138169 0.192525 0.246827 0.301300 0.356242 0.412527 0.473462 0.552564 0.683383 86.000000 
0.000000 0.080639 0.138889 0.193321 0.247690 0.302262 0.357400 0.414183 0.476580 0.559766 0.694232 86.500000 
0.000000 0.080496 0.139650 0.194174 0.248620 0.303310 0.358688 0.416080 0.480214 0.567900 0.705385 87.000000 
0.000000 0.080226 0.140458 0.195089 0.249629 0.304460 0.360133 0.418268 0.484449 0.577026 0.716799 87.500000 
0.000000 0.079811 0.141317 0.196079 0.250729 0.305733 0.361766 0.420803 0.489375 0.587198 0.728436 88.000000 
0.000000 0.079229 0.142231 0.197151 0.251936 0.307149 0.363624 0.423752 0.495094 0.598452 0.740261 88.500000 
0.000000 0.078461 0.143206 0.198319 0.253265 0.308736 0.365752 0.427190 0.501708 0.610813 0.752246 89.000000 
0.000000 0.077487 0.144246 0.199594 0.254738 0.310524 0.368201 0.431203 0.509325 0.624284 0.764371 89.500000 
0.000000 0.076288 0.145355 0.200991 0.256377 0.312549 0.371031 0.435889 0.518053 0.638851 0.776619 90.000000 
0.000000 0.074850 0.146534 0.202525 0.258207 0.314853 0.374313 0.441351 0.527996 0.654481 0.788982 90.500000 
0.000000 0.073160 0.147787 0.204214 0.260259 0.317485 0.378123 0.447705 0.539252 0.671118 0.801456 91.000000 
0.000000 0.071211 0.149112 0.206074 0.262566 0.320500 0.382552 0.455072 0.551905 0.688689 0.814042 91.500000 
0.000000 0.069002 0.150508 0.208125 0.265163 0.323960 0.387697 0.463575 0.566024 0.707103 0.826745 92.000000 
0.000000 0.066537 0.151968 0.210385 0.268093 0.327934 0.393663 0.473341 0.581653 0.726253 0.839570 92.500000 
0.000000 0.063827 0.153484 0.212873 0.271397 0.332498 0.400562 0.484487 0.598811 0.746018 0.852520 93.000000 
0.000000 0.060892 0.155042 0.215608 0.275124 0.337731 0.408511 0.497124 0.617484 0.766267 0.865597 93.500000 
0.000000 0.057755 0.156624 0.218606 0.279319 0.343719 0.417623 0.511342 0.637620 0.786860 0.878792 94.000000 
0.000000 0.054448 0.158208 0.221879 0.284031 0.350546 0.428009 0.527207 0.659125 0.807650 0.892089 94.500000 
0.000000 0.051009 0.159762 0.225436 0.289304 0.358294 0.439764 0.544749 0.681864 0.828480 0.905456 95.000000 
0.000000 0.047477 0.161251 0.229280 0.295179 0.367037 0.452967 0.563956 0.705653 0.849187 0.918839 95.500000 
0.000000 0.043896 0.162631 0.233404 0.301688 0.376837 0.467665 0.584763 0.730263 0.869600 0.932166 96.000000 
0.000000 0.040311 0.163852 0.237791 0.308850 0.387736 0.483868 0.607045 0.755418 0.889533 0.945331 96.500000 
0.000000 0.036765 0.164859 0.242413 0.316668 0.399747 0.501536 0.630609 0.780797 0.908785 0.958200 97.000000 
0.000000 0.033299 0.165590 0.247224 0.325123 0.412850 0.520571 0.655191 0.806036 0.927137 0.970599 97.500000 
0.000000 0.029950 0.165981 0.252165 0.334170 0.426979 0.540807 0.680451 0.830730 0.944344 0.982315 98.000000 
0.000000 0.026752 0.165963 0.257155 0.343732 0.442017 0.562003 0.705975 0.854442 0.960136 0.993096 98.500000 
0.000000 0.023730 0.165469 0.262097 0.353695 0.457789 0.583838 0.731278 0.876704 0.974214 1.002644 99.000000 
0.000000 0.020907 0.164436 0.266872 0.363908 0.474057 0.605914 0.755813 0.897027 0.986253 1.010626 99.500000 
0.000000 0.018295 0.162806 0.271344 0.374179 0.490518 0.627752 0.778985 0.914910 0.995901 1.016673 100.000000 
0.000000 0.015904 0.160529 0.275362 0.384274 0.506804 0.648809 0.800162 0.929848 1.002789 1.020391 100.500000 
0.000000 0.013736 0.157570 0.278762 0.393923 0.522492 0.668487 0.818699 0.941350 1.006539 1.021372 101.000000 
0.000000 0.011789 0.153908 0.281371 0.402824 0.537110 0.686155 0.833961 0.948950 1.006776 1.019209 101.500000 
0.000000 0.010055 0.149539 0.283020 0.410654 0.550155 0.701175 0.845344 0.952221 1.003146 1.013514 102.000000 
0.000000 0.008525 0.144478 0.283542 0.417078 0.561114 0.712923 0.852306 0.950801 0.995333 1.003937 102.500000 
0.000000 0.007186 0.138761 0.282788 0.421765 0.569484 0.720829 0.854389 0.944402 0.983079 0.990185 103.000000 
0.000000 0.006022 0.132444 0.280634 0.424406 0.574801 0.724398 0.851242 0.932833 0.966206 0.972047 103.500000 
0.000000 0.005020 0.125600 0.276984 0.424727 0.576663 0.723245 0.842646 0.916014 0.944627 0.949408 104.000000 
0.000000 0.004163 0.118316 0.271783 0.422510 0.574756 0.717113 0.828524 0.893986 0.918369 0.922265 104.500000 
0.000000 0.003434 0.110695 0.265020 0.417604 0.568873 0.705894 0.808952 0.866920 0.887576 0.890739 105.000000 
0.000000 0.002819 0.102845 0.256731 0.409937 0.558935 0.689638 0.784160 0.835117 0.852517 0.855073 105.500000 
0.000000 0.002303 0.094879 0.246998 0.399528 0.544989 0.668553 0.754525 0.799003 0.813580 0.815639 106.000000 
0.000000 0.001873 0.086909 0.235949 0.386482 0.527218 0.642998 0.720558 0.759115 0.771264 0.772916 106.500000 
0.000000 0.001517 0.079042 0.223753 0.370991 0.505929 0.613466 0.682883 0.716087 0.726160 0.727482 107.000000 
0.000000 0.001223 0.071377 0.210611 0.353325 0.481537 0.580556 0.642208 0.670621 0.678934 0.679987 107.500000 
0.000000 0.000982 0.064002 0.196748 0.333818 0.454548 0.544952 0.599299 0.623465 0.630292 0.631128 108.000000 
0.000000 0.000786 0.056988 0.182403 0.312853 0.425527 0.507384 0.554946 0.575378 0.580961 0.581623 108.500000 
0.000000 0.000626 0.050393 0.167818 0.290842 0.395076 0.468597 0.509931 0.527109 0.531654 0.532177 109.000000 
0.000000 0.000497 0.044261 0.153229 0.268207 0.363803 0.429319 0.464999 0.479363 0.483049 0.483460 109.500000 
0.000000 0.000393 0.038618 0.138855 0.245360 0.332296 0.390235 0.420836 0.432784 0.435760 0.436083 110.000000 
0.000000 0.000310 0.033476 0.124893 0.222691 0.301101 0.351963 0.378043 0.387932 0.390327 0.390579 110.500000 
0.000000 0.000244 0.028836 0.111512 0.200548 0.270703 0.315035 0.337130 0.345275 0.347194 0.347392 111.000000 
0.000000 0.000191 0.024688 0.098850 0.179235 0.241515 0.279890 0.298501 0.305180 0.306713 0.306866 111.500000 
0.000000 0.000149 0.021010 0.087009 0.158996 0.213870 0.246869 0.262459 0.267910 0.269131 0.269250 112.000000 
0.000000 0.000116 0.017777 0.076062 0.140021 0.188018 0.216215 0.229205 0.233635 0.234603 0.234695 112.500000 
0.000000 0.000090 0.014958 0.066048 0.122443 0.164130 0.188076 0.198844 0.202430 0.203196 0.203267 113.000000 
0.000000 0.000070 0.012519 0.056982 0.106340 0.142303 0.162519 0.171402 0.174294 0.174897 0.174952 113.500000 
0.000000 0.000054 0.010422 0.048851 0.091746 0.122568 0.139539 0.146832 0.149155 0.149629 0.149672 114.000000 
0.000000 0.000042 0.008634 0.041627 0.078649 0.104900 0.119070 0.125031 0.126890 0.127262 0.127295 114.500000 
0.000000 0.000032 0.007117 0.035263 0.067006 0.089230 0.101000 0.105851 0.107334 0.107625 0.107649 115.000000 
0.000000 0.000025 0.005840 0.029703 0.056749 0.075454 0.085182 0.089114 0.090292 0.090518 0.090538 115.500000 
0.000000 0.000019 0.004771 0.024883 0.047787 0.063444 0.071445 0.074619 0.075552 0.075728 0.075743 116.000000 
0.000000 0.000014 0.003880 0.020736 0.040019 0.053055 0.059606 0.062158 0.062895 0.063032 0.063043 116.500000 
0.000000 0.000011 0.003143 0.017193 0.033336 0.044135 0.049475 0.051519 0.052100 0.052206 0.052214 117.000000 
0.000000 0.000008 0.002535 0.014186 0.027629 0.036530 0.040864 0.042497 0.042952 0.043034 0.043040 117.500000 
0.000000 0.000006 0.002037 0.011650 0.022787 0.030089 0.033593 0.034892 0.035249 0.035312 0.035316 118.000000 
0.000000 0.000005 0.001631 0.009524 0.018705 0.024669 0.027491 0.028521 0.028799 0.028847 0.028851 118.500000 
0.000000 0.000004 0.001301 0.007753 0.015285 0.020135 0.022399 0.023213 0.023430 0.023467 0.023470 119.000000 
0.000000 0.000003 0.001034 0.006284 0.012437 0.016364 0.018174 0.018815 0.018984 0.019012 0.019014 119.500000 
0.000000 0.000002 0.000820 0.005074 0.010077 0.013245 0.014686 0.015190 0.015321 0.015342 0.015344 120.000000 
0.000000 0.000002 0.000647 0.004080 0.008132 0.010678 0.011822 0.012217 0.012317 0.012334 0.012335 120.500000 
0.000000 0.000001 0.000510 0.003269 0.006537 0.008575 0.009481 0.009789 0.009867 0.009879 0.009880 121.000000 
0.000000 0.000001 0.000400 0.002610 0.005236 0.006862 0.007576 0.007816 0.007876 0.007885 0.007886 121.500000 
0.000000 0.000001 0.000313 0.002077 0.004178 0.005471 0.006033 0.006219 0.006265 0.006273 0.006273 122.000000 
0.000000 0.000000 0.000244 0.001647 0.003323 0.004347 0.004788 0.004933 0.004968 0.004973 0.004974 122.500000 
0.000000 0.000000 0.000190 0.001302 0.002634 0.003443 0.003788 0.003900 0.003926 0.003931 0.003931 123.000000 
0.000000 0.000000 0.000148 0.001026 0.002081 0.002718 0.002987 0.003073 0.003094 0.003097 0.003097 123.500000 
0.000000 0.000000 0.000114 0.000806 0.001640 0.002140 0.002349 0.002415 0.002431 0.002433 0.002433 124.000000 
0.000000 0.000000 0.000088 0.000631 0.001288 0.001679 0.001841 0.001892 0.001904 0.001906 0.001906 124.500000 
0.000000 0.000000 0.000068 0.000493 0.001008 0.001314 0.001440 0.001479 0.001488 0.001489 0.001489 125.000000 
0.000000 0.000000 0.000052 0.000384 0.000788 0.001026 0.001122 0.001152 0.001159 0.001160 0.001160 125.500000 
0.000000 0.000000 0.000040 0.000299 0.000613 0.000798 0.000873 0.000896 0.000901 0.000902 0.000902 126.000000 
0.000000 0.000000 0.000031 0.000231 0.000476 0.000620 0.000677 0.000694 0.000698 0.000699 0.000699 126.500000 
0.000000 0.000000 0.000023 0.000179 0.000369 0.000480 0.000524 0.000537 0.000540 0.000541 0.000541 127.000000 
0.000000 0.000000 0.000018 0.000138 0.000285 0.000371 0.000404 0.000414 0.000417 0.000417 0.000417 127.500000 
0.000000 0.000000 0.000014 0.000106 0.000220 0.000286 0.000311 0.000319 0.000321 0.000321 0.000321 128.000000 
0.000000 0.000000 0.000010 0.000082 0.000169 0.000220 0.000239 0.000245 0.000246 0.000247 0.000247 128.500000 
0.000000 0.000000 0.000008 0.000063 0.000130 0.000169 0.000184 0.000188 0.000189 0.000189 0.000189 129.000000 
0.000000 0.000000 0.000006 0.000048 0.000100 0.000129 0.000140 0.000144 0.000144 0.000145 0.000145 129.500000 
0.000000 0.000000 0.000004 0.000036 0.000076 0.000099 0.000107 0.000110 0.000110 0.000110 0.000110 130.000000 
0.000000 0.000000 0.000003 0.000028 0.000058 0.000075 0.000082 0.000084 0.000084 0.000084 0.000084 130.500000 
0.000000 0.000000 0.000003 0.000021 0.000044 0.000057 0.000062 0.000064 0.000064 0.000064 0.000064 131.000000 
0.000000 0.000000 0.000002 0.000016 0.000034 0.000044 0.000047 0.000048 0.000048 0.000048 0.000048 131.500000 
0.000000 0.000000 0.000001 0.000012 0.000026 0.000033 0.000036 0.000037 0.000037 0.000037 0.000037 132.000000 
0.000000 0.000000 0.000001 0.000009 0.000019 0.000025 0.000027 0.000028 0.000028 0.000028 0.000028 132.500000 
0.000000 0.000000 0.000001 0.000007 0.000015 0.000019 0.000020 0.000021 0.000021 0.000021 0.000021 133.000000 
0.000000 0.000000 0.000001 0.000005 0.000011 0.000014 0.000015 0.000016 0.000016 0.000016 0.000016 133.500000 
0.000000 0.000000 0.000000 0.000004 0.000008 0.000011 0.000012 0.000012 0.000012 0.000012 0.000012 134.000000 
0.000000 0.000000 0.000000 0.000003 0.000006 0.000008 0.000009 0.000009 0.000009 0.000009 0.000009 134.500000 
0.000000 0.000000 0.000000 0.000002 0.000005 0.000006 0.000007 0.000007 0.000007 0.000007 0.000007 135.000000 
0.000000 0.000000 0.000000 0.000002 0.000004 0.000005 0.000005 0.000005 0.000005 0.000005 0.000005 135.500000 
0.000000 0.000000 0.000000 0.000001 0.000003 0.000003 0.000004 0.000004 0.000004 0.000004 0.000004 136.000000 
0.000000 0.000000 0.000000 0.000001 0.000002 0.000003 0.000003 0.000003 0.000003 0.000003 0.000003 136.500000 
0.000000 0.000000 0.000000 0.000001 0.000001 0.000002 0.000002 0.000002 0.000002 0.000002 0.000002 137.000000 
0.000000 0.000000 0.000000 0.000001 0.000001 0.000001 0.000002 0.000002 0.000002 0.000002 0.000002 137.500000 
0.000000 0.000000 0.000000 0.000000 0.000001 0.000001 0.000001 0.000001 0.000001 0.000001 0.000001 138.000000 
0.000000 0.000000 0.000000 0.000000 0.000001 0.000001 0.000001 0.000001 0.000001 0.000001 0.000001 138.500000 
0.000000 0.000000 0.000000 0.000000 0.000000 0.000001 0.000001 0.000001 0.000001 0.000001 0.000001 139.000000 
0.000000 0.000000 0.000000 0.000000 0.000000 0.000000 0.000000 0.000000 0.000000 0.000000 0.000000 139.500000 
0.000000 0.000000 0.000000 0.000000 0.000000 0.000000 0.000000 0.000000 0.000000 0.000000 0.000000 140.000000 
0.000000 0.000000 0.000000 0.000000 0.000000 0.000000 0.000000 0.000000 0.000000 0.000000 0.000000 140.500000 
0.000000 0.000000 0.000000 0.000000 0.000000 0.000000 0.000000 0.000000 0.000000 0.000000 0.000000 141.000000 
0.000000 0.000000 0.000000 0.000000 0.000000 0.000000 0.000000 0.000000 0.000000 0.000000 0.000000 141.500000 
0.000000 0.000000 0.000000 0.000000 0.000000 0.000000 0.000000 0.000000 0.000000 0.000000 0.000000 142.000000 
0.000000 0.000000 0.000000 0.000000 0.000000 0.000000 0.000000 0.000000 0.000000 0.000000 0.000000 142.500000 
0.000000 0.000000 0.000000 0.000000 0.000000 0.000000 0.000000 0.000000 0.000000 0.000000 0.000000 143.000000 
0.000000 0.000000 0.000000 0.000000 0.000000 0.000000 0.000000 0.000000 0.000000 0.000000 0.000000 143.500000 
0.000000 0.000000 0.000000 0.000000 0.000000 0.000000 0.000000 0.000000 0.000000 0.000000 0.000000 144.000000 
0.000000 0.000000 0.000000 0.000000 0.000000 0.000000 0.000000 0.000000 0.000000 0.000000 0.000000 144.500000 
0.000000 0.000000 0.000000 0.000000 0.000000 0.000000 0.000000 0.000000 0.000000 0.000000 0.000000 145.000000 
0.000000 0.000000 0.000000 0.000000 0.000000 0.000000 0.000000 0.000000 0.000000 0.000000 0.000000 145.500000 
0.000000 0.000000 0.000000 0.000000 0.000000 0.000000 0.000000 0.000000 0.000000 0.000000 0.000000 146.000000 
0.000000 0.000000 0.000000 0.000000 0.000000 0.000000 0.000000 0.000000 0.000000 0.000000 0.000000 146.500000 
0.000000 0.000000 0.000000 0.000000 0.000000 0.000000 0.000000 0.000000 0.000000 0.000000 0.000000 147.000000 
0.000000 0.000000 0.000000 0.000000 0.000000 0.000000 0.000000 0.000000 0.000000 0.000000 0.000000 147.500000 
0.000000 0.000000 0.000000 0.000000 0.000000 0.000000 0.000000 0.000000 0.000000 0.000000 0.000000 148.000000 
0.000000 0.000000 0.000000 0.000000 0.000000 0.000000 0.000000 0.000000 0.000000 0.000000 0.000000 148.500000 
0.000000 0.000000 0.000000 0.000000 0.000000 0.000000 0.000000 0.000000 0.000000 0.000000 0.000000 149.000000 
0.000000 0.000000 0.000000 0.000000 0.000000 0.000000 0.000000 0.000000 0.000000 0.000000 0.000000 149.500000 
0.000000 0.000000 0.000000 0.000000 0.000000 0.000000 0.000000 0.000000 0.000000 0.000000 0.000000 150.000000 
0.000000 0.000000 0.000000 0.000000 0.000000 0.000000 0.000000 0.000000 0.000000 0.000000 0.000000 150.500000 
0.000000 0.000000 0.000000 0.000000 0.000000 0.000000 0.000000 0.000000 0.000000 0.000000 0.000000 151.000000 
0.000000 0.000000 0.000000 0.000000 0.000000 0.000000 0.000000 0.000000 0.000000 0.000000 0.000000 151.500000 
0.000000 0.000000 0.000000 0.000000 0.000000 0.000000 0.000000 0.000000 0.000000 0.000000 0.000000 152.000000 
0.000000 0.000000 0.000000 0.000000 0.000000 0.000000 0.000000 0.000000 0.000000 0.000000 0.000000 152.500000 
0.000000 0.000000 0.000000 0.000000 0.000000 0.000000 0.000000 0.000000 0.000000 0.000000 0.000000 153.000000 
0.000000 0.000000 0.000000 0.000000 0.000000 0.000000 0.000000 0.000000 0.000000 0.000000 0.000000 153.500000 
0.000000 0.000000 0.000000 0.000000 0.000000 0.000000 0.000000 0.000000 0.000000 0.000000 0.000000 154.000000 
0.000000 0.000000 0.000000 0.000000 0.000000 0.000000 0.000000 0.000000 0.000000 0.000000 0.000000 154.500000 
0.000000 0.000000 0.000000 0.000000 0.000000 0.000000 0.000000 0.000000 0.000000 0.000000 0.000000 155.000000 
0.000000 0.000000 0.000000 0.000000 0.000000 0.000000 0.000000 0.000000 0.000000 0.000000 0.000000 155.500000 
0.000000 0.000000 0.000000 0.000000 0.000000 0.000000 0.000000 0.000000 0.000000 0.000000 0.000000 156.000000 
0.000000 0.000000 0.000000 0.000000 0.000000 0.000000 0.000000 0.000000 0.000000 0.000000 0.000000 156.500000 
0.000000 0.000000 0.000000 0.000000 0.000000 0.000000 0.000000 0.000000 0.000000 0.000000 0.000000 157.000000 
0.000000 0.000000 0.000000 0.000000 0.000000 0.000000 0.000000 0.000000 0.000000 0.000000 0.000000 157.500000 
0.000000 0.000000 0.000000 0.000000 0.000000 0.000000 0.000000 0.000000 0.000000 0.000000 0.000000 158.000000 
0.000000 0.000000 0.000000 0.000000 0.000000 0.000000 0.000000 0.000000 0.000000 0.000000 0.000000 158.500000 
0.000000 0.000000 0.000000 0.000000 0.000000 0.000000 0.000000 0.000000 0.000000 0.000000 0.000000 159.000000 
0.000000 0.000000 0.000000 0.000000 0.000000 0.000000 0.000000 0.000000 0.000000 0.000000 0.000000 159.500000 
0.000000 0.000000 0.000000 0.000000 0.000000 0.000000 0.000000 0.000000 0.000000 0.000000 0.000000 160.000000 
0.000000 0.000000 0.000000 0.000000 0.000000 0.000000 0.000000 0.000000 0.000000 0.000000 0.000000 160.500000 
0.000000 0.000000 0.000000 0.000000 0.000000 0.000000 0.000000 0.000000 0.000000 0.000000 0.000000 161.000000 
0.000000 0.000000 0.000000 0.000000 0.000000 0.000000 0.000000 0.000000 0.000000 0.000000 0.000000 161.500000 
0.000000 0.000000 0.000000 0.000000 0.000000 0.000000 0.000000 0.000000 0.000000 0.000000 0.000000 162.000000 
0.000000 0.000000 0.000000 0.000000 0.000000 0.000000 0.000000 0.000000 0.000000 0.000000 0.000000 162.500000 
0.000000 0.000000 0.000000 0.000000 0.000000 0.000000 0.000000 0.000000 0.000000 0.000000 0.000000 163.000000 
0.000000 0.000000 0.000000 0.000000 0.000000 0.000000 0.000000 0.000000 0.000000 0.000000 0.000000 163.500000 
0.000000 0.000000 0.000000 0.000000 0.000000 0.000000 0.000000 0.000000 0.000000 0.000000 0.000000 164.000000 
0.000000 0.000000 0.000000 0.000000 0.000000 0.000000 0.000000 0.000000 0.000000 0.000000 0.000000 164.500000 
0.000000 0.000000 0.000000 0.000000 0.000000 0.000000 0.000000 0.000000 0.000000 0.000000 0.000000 165.000000 
0.000000 0.000000 0.000000 0.000000 0.000000 0.000000 0.000000 0.000000 0.000000 0.000000 0.000000 165.500000 
0.000000 0.000000 0.000000 0.000000 0.000000 0.000000 0.000000 0.000000 0.000000 0.000000 0.000000 166.000000 
0.000000 0.000000 0.000000 0.000000 0.000000 0.000000 0.000000 0.000000 0.000000 0.000000 0.000000 166.500000 
0.000000 0.000000 0.000000 0.000000 0.000000 0.000000 0.000000 0.000000 0.000000 0.000000 0.000000 167.000000 
0.000000 0.000000 0.000000 0.000000 0.000000 0.000000 0.000000 0.000000 0.000000 0.000000 0.000000 167.500000 
0.000000 0.000000 0.000000 0.000000 0.000000 0.000000 0.000000 0.000000 0.000000 0.000000 0.000000 168.000000 
0.000000 0.000000 0.000000 0.000000 0.000000 0.000000 0.000000 0.000000 0.000000 0.000000 0.000000 168.500000 
0.000000 0.000000 0.000000 0.000000 0.000000 0.000000 0.000000 0.000000 0.000000 0.000000 0.000000 169.000000 
0.000000 0.000000 0.000000 0.000000 0.000000 0.000000 0.000000 0.000000 0.000000 0.000000 0.000000 169.500000 
0.000000 0.000000 0.000000 0.000000 0.000000 0.000000 0.000000 0.000000 0.000000 0.000000 0.000000 170.000000 
0.000000 0.000000 0.000000 0.000000 0.000000 0.000000 0.000000 0.000000 0.000000 0.000000 0.000000 170.500000 
0.000000 0.000000 0.000000 0.000000 0.000000 0.000000 0.000000 0.000000 0.000000 0.000000 0.000000 171.000000 
0.000000 0.000000 0.000000 0.000000 0.000000 0.000000 0.000000 0.000000 0.000000 0.000000 0.000000 171.500000 
0.000000 0.000000 0.000000 0.000000 0.000000 0.000000 0.000000 0.000000 0.000000 0.000000 0.000000 172.000000 
0.000000 0.000000 0.000000 0.000000 0.000000 0.000000 0.000000 0.000000 0.000000 0.000000 0.000000 172.500000 
0.000000 0.000000 0.000000 0.000000 0.000000 0.000000 0.000000 0.000000 0.000000 0.000000 0.000000 173.000000 
0.000000 0.000000 0.000000 0.000000 0.000000 0.000000 0.000000 0.000000 0.000000 0.000000 0.000000 173.500000 
0.000000 0.000000 0.000000 0.000000 0.000000 0.000000 0.000000 0.000000 0.000000 0.000000 0.000000 174.000000 
0.000000 0.000000 0.000000 0.000000 0.000000 0.000000 0.000000 0.000000 0.000000 0.000000 0.000000 174.500000 
0.000000 0.000000 0.000000 0.000000 0.000000 0.000000 0.000000 0.000000 0.000000 0.000000 0.000000 175.000000 
0.000000 0.000000 0.000000 0.000000 0.000000 0.000000 0.000000 0.000000 0.000000 0.000000 0.000000 175.500000 
0.000000 0.000000 0.000000 0.000000 0.000000 0.000000 0.000000 0.000000 0.000000 0.000000 0.000000 176.000000 
0.000000 0.000000 0.000000 0.000000 0.000000 0.000000 0.000000 0.000000 0.000000 0.000000 0.000000 176.500000 
0.000000 0.000000 0.000000 0.000000 0.000000 0.000000 0.000000 0.000000 0.000000 0.000000 0.000000 177.000000 
0.000000 0.000000 0.000000 0.000000 0.000000 0.000000 0.000000 0.000000 0.000000 0.000000 0.000000 177.500000 
0.000000 0.000000 0.000000 0.000000 0.000000 0.000000 0.000000 0.000000 0.000000 0.000000 0.000000 178.000000 
0.000000 0.000000 0.000000 0.000000 0.000000 0.000000 0.000000 0.000000 0.000000 0.000000 0.000000 178.500000 
0.000000 0.000000 0.000000 0.000000 0.000000 0.000000 0.000000 0.000000 0.000000 0.000000 0.000000 179.000000 
0.000000 0.000000 0.000000 0.000000 0.000000 0.000000 0.000000 0.000000 0.000000 0.000000 0.000000 179.500000 
0.000000 0.000000 0.000000 0.000000 0.000000 0.000000 0.000000 0.000000 0.000000 0.000000 0.000000 180.000000 
0.000000 0.000000 0.000000 0.000000 0.000000 0.000000 0.000000 0.000000 0.000000 0.000000 0.000000 180.500000 
0.000000 0.000000 0.000000 0.000000 0.000000 0.000000 0.000000 0.000000 0.000000 0.000000 0.000000 181.000000 
0.000000 0.000000 0.000000 0.000000 0.000000 0.000000 0.000000 0.000000 0.000000 0.000000 0.000000 181.500000 
0.000000 0.000000 0.000000 0.000000 0.000000 0.000000 0.000000 0.000000 0.000000 0.000000 0.000000 182.000000 
0.000000 0.000000 0.000000 0.000000 0.000000 0.000000 0.000000 0.000000 0.000000 0.000000 0.000000 182.500000 
0.000000 0.000000 0.000000 0.000000 0.000000 0.000000 0.000000 0.000000 0.000000 0.000000 0.000000 183.000000 
0.000000 0.000000 0.000000 0.000000 0.000000 0.000000 0.000000 0.000000 0.000000 0.000000 0.000000 183.500000 
0.000000 0.000000 0.000000 0.000000 0.000000 0.000000 0.000000 0.000000 0.000000 0.000000 0.000000 184.000000 
0.000000 0.000000 0.000000 0.000000 0.000000 0.000000 0.000000 0.000000 0.000000 0.000000 0.000000 184.500000 
0.000000 0.000000 0.000000 0.000000 0.000000 0.000000 0.000000 0.000000 0.000000 0.000000 0.000000 185.000000 
0.000000 0.000000 0.000000 0.000000 0.000000 0.000000 0.000000 0.000000 0.000000 0.000000 0.000000 185.500000 
0.000000 0.000000 0.000000 0.000000 0.000000 0.000000 0.000000 0.000000 0.000000 0.000000 0.000000 186.000000 
0.000000 0.000000 0.000000 0.000000 0.000000 0.000000 0.000000 0.000000 0.000000 0.000000 0.000000 186.500000 
0.000000 0.000000 0.000000 0.000000 0.000000 0.000000 0.000000 0.000000 0.000000 0.000000 0.000000 187.000000 
0.000000 0.000000 0.000000 0.000000 0.000000 0.000000 0.000000 0.000000 0.000000 0.000000 0.000000 187.500000 
0.000000 0.000000 0.000000 0.000000 0.000000 0.000000 0.000000 0.000000 0.000000 0.000000 0.000000 188.000000 
0.000000 0.000000 0.000000 0.000000 0.000000 0.000000 0.000000 0.000000 0.000000 0.000000 0.000000 188.500000 
0.000000 0.000000 0.000000 0.000000 0.000000 0.000000 0.000000 0.000000 0.000000 0.000000 0.000000 189.000000 
0.000000 0.000000 0.000000 0.000000 0.000000 0.000000 0.000000 0.000000 0.000000 0.000000 0.000000 189.500000 
0.000000 0.000000 0.000000 0.000000 0.000000 0.000000 0.000000 0.000000 0.000000 0.000000 0.000000 190.000000 
0.000000 0.000000 0.000000 0.000000 0.000000 0.000000 0.000000 0.000000 0.000000 0.000000 0.000000 190.500000 
0.000000 0.000000 0.000000 0.000000 0.000000 0.000000 0.000000 0.000000 0.000000 0.000000 0.000000 191.000000 
0.000000 0.000000 0.000000 0.000000 0.000000 0.000000 0.000000 0.000000 0.000000 0.000000 0.000000 191.500000 
0.000000 0.000000 0.000000 0.000000 0.000000 0.000000 0.000000 0.000000 0.000000 0.000000 0.000000 192.000000 
0.000000 0.000000 0.000000 0.000000 0.000000 0.000000 0.000000 0.000000 0.000000 0.000000 0.000000 192.500000 
0.000000 0.000000 0.000000 0.000000 0.000000 0.000000 0.000000 0.000000 0.000000 0.000000 0.000000 193.000000 
0.000000 0.000000 0.000000 0.000000 0.000000 0.000000 0.000000 0.000000 0.000000 0.000000 0.000000 193.500000 
0.000000 0.000000 0.000000 0.000000 0.000000 0.000000 0.000000 0.000000 0.000000 0.000000 0.000000 194.000000 
0.000000 0.000000 0.000000 0.000000 0.000000 0.000000 0.000000 0.000000 0.000000 0.000000 0.000000 194.500000 
0.000000 0.000000 0.000000 0.000000 0.000000 0.000000 0.000000 0.000000 0.000000 0.000000 0.000000 195.000000 
0.000000 0.000000 0.000000 0.000000 0.000000 0.000000 0.000000 0.000000 0.000000 0.000000 0.000000 195.500000 
0.000000 0.000000 0.000000 0.000000 0.000000 0.000000 0.000000 0.000000 0.000000 0.000000 0.000000 196.000000 
0.000000 0.000000 0.000000 0.000000 0.000000 0.000000 0.000000 0.000000 0.000000 0.000000 0.000000 196.500000 
0.000000 0.000000 0.000000 0.000000 0.000000 0.000000 0.000000 0.000000 0.000000 0.000000 0.000000 197.000000 
0.000000 0.000000 0.000000 0.000000 0.000000 0.000000 0.000000 0.000000 0.000000 0.000000 0.000000 197.500000 
0.000000 0.000000 0.000000 0.000000 0.000000 0.000000 0.000000 0.000000 0.000000 0.000000 0.000000 198.000000 
0.000000 0.000000 0.000000 0.000000 0.000000 0.000000 0.000000 0.000000 0.000000 0.000000 0.000000 198.500000 
0.000000 0.000000 0.000000 0.000000 0.000000 0.000000 0.000000 0.000000 0.000000 0.000000 0.000000 199.000000 
0.000000 0.000000 0.000000 0.000000 0.000000 0.000000 0.000000 0.000000 0.000000 0.000000 0.000000 199.500000 
0.000000 0.000000 0.000000 0.000000 0.000000 0.000000 0.000000 0.000000 0.000000 0.000000 0.000000 200.000000 
