0.004802 0.000005 0.000004 0.000004 0.000004 0.000004 0.000004 0.000004 0.000003 0.000003 0.000003 0.000000 
0.004802 0.000005 0.000004 0.000004 0.000004 0.000004 0.000004 0.000004 0.000003 0.000003 0.000003 0.750000 
0.004802 0.000005 0.000004 0.000004 0.000004 0.000004 0.000004 0.000004 0.000003 0.000003 0.000003 1.500000 
0.004802 0.000005 0.000004 0.000004 0.000004 0.000004 0.000004 0.000004 0.000003 0.000003 0.000003 2.250000 
0.004802 0.000005 0.000004 0.000004 0.000004 0.000004 0.000004 0.000004 0.000003 0.000003 0.000003 3.000000 
0.004802 0.000005 0.000004 0.000004 0.000004 0.000004 0.000004 0.000004 0.000003 0.000003 0.000003 3.750000 
0.004802 0.000005 0.000004 0.000004 0.000004 0.000004 0.000004 0.000004 0.000003 0.000003 0.000003 4.500000 
0.004802 0.000005 0.000004 0.000004 0.000004 0.000004 0.000004 0.000004 0.000003 0.000003 0.000003 5.250000 
0.004802 0.000005 0.000004 0.000004 0.000004 0.000004 0.000004 0.000004 0.000003 0.000003 0.000003 6.000000 
0.004802 0.000005 0.000004 0.000004 0.000004 0.000004 0.000004 0.000004 0.000003 0.000003 0.000003 6.750000 
0.004802 0.000005 0.000004 0.000004 0.000004 0.000004 0.000004 0.000004 0.000003 0.000003 0.000003 7.500000 
0.004802 0.000005 0.000004 0.000004 0.000004 0.000004 0.000004 0.000004 0.000003 0.000003 0.000004 8.250000 
0.004802 0.000005 0.000004 0.000004 0.000004 0.000004 0.000004 0.000004 0.000003 0.000003 0.000004 9.000000 
0.004802 0.000005 0.000004 0.000004 0.000004 0.000004 0.000004 0.000004 0.000003 0.000003 0.000004 9.750000 
0.004802 0.000005 0.000004 0.000004 0.000004 0.000004 0.000004 0.000004 0.000003 0.000003 0.000004 10.500000 
0.004802 0.000005 0.000004 0.000004 0.000004 0.000004 0.000004 0.000004 0.000003 0.000003 0.000004 11.250000 
0.004802 0.000005 0.000004 0.000004 0.000004 0.000004 0.000004 0.000004 0.000003 0.000003 0.000004 12.000000 
0.004802 0.000005 0.000004 0.000004 0.000004 0.000004 0.000004 0.000004 0.000003 0.000003 0.000004 12.750000 
0.004802 0.000005 0.000004 0.000004 0.000004 0.000004 0.000004 0.000004 0.000003 0.000003 0.000004 13.500000 
0.004802 0.000005 0.000004 0.000004 0.000004 0.000004 0.000004 0.000004 0.000004 0.000004 0.000004 14.250000 
0.004802 0.000005 0.000004 0.000004 0.000004 0.000004 0.000004 0.000004 0.000004 0.000004 0.000005 15.000000 
0.004802 0.000005 0.000004 0.000004 0.000004 0.000004 0.000004 0.000004 0.000004 0.000004 0.000005 15.750000 
0.004802 0.000005 0.000004 0.000004 0.000004 0.000004 0.000004 0.000004 0.000004 0.000004 0.000005 16.500000 
0.004802 0.000005 0.000004 0.000004 0.000004 0.000004 0.000004 0.000004 0.000004 0.000004 0.000005 17.250000 
0.004802 0.000005 0.000004 0.000004 0.000004 0.000004 0.000004 0.000004 0.000004 0.000004 0.000005 18.000000 
0.004802 0.000005 0.000004 0.000004 0.000004 0.000004 0.000004 0.000004 0.000004 0.000004 0.000005 18.750000 
0.004802 0.000005 0.000004 0.000004 0.000004 0.000004 0.000004 0.000004 0.000004 0.000004 0.000005 19.500000 
0.004802 0.000005 0.000004 0.000004 0.000004 0.000004 0.000004 0.000004 0.000004 0.000004 0.000005 20.250000 
0.004802 0.000005 0.000004 0.000004 0.000004 0.000004 0.000004 0.000004 0.000004 0.000004 0.000005 21.000000 
0.004801 0.000005 0.000004 0.000004 0.000004 0.000004 0.000004 0.000004 0.000004 0.000004 0.000006 21.750000 
0.004796 0.000005 0.000004 0.000004 0.000004 0.000004 0.000004 0.000004 0.000004 0.000005 0.000006 22.500000 
0.004781 0.000005 0.000004 0.000004 0.000004 0.000004 0.000004 0.000004 0.000004 0.000005 0.000006 23.250000 
0.004740 0.000005 0.000004 0.000004 0.000004 0.000004 0.000004 0.000004 0.000004 0.000005 0.000006 24.000000 
0.004644 0.000005 0.000004 0.000004 0.000004 0.000004 0.000004 0.000004 0.000004 0.000005 0.000006 24.750000 
0.004446 0.000005 0.000004 0.000004 0.000004 0.000004 0.000004 0.000004 0.000005 0.000005 0.000006 25.500000 
0.004093 0.000005 0.000004 0.000004 0.000004 0.000004 0.000004 0.000004 0.000005 0.000005 0.000006 26.250000 
0.003557 0.000005 0.000004 0.000004 0.000004 0.000004 0.000004 0.000004 0.000005 0.000005 0.000006 27.000000 
0.002874 0.000005 0.000004 0.000004 0.000004 0.000004 0.000004 0.000005 0.000005 0.000005 0.000007 27.750000 
0.002166 0.000005 0.000004 0.000004 0.000004 0.000004 0.000004 0.000005 0.000005 0.000005 0.000007 28.500000 
0.001623 0.000005 0.000004 0.000004 0.000004 0.000004 0.000005 0.000005 0.000005 0.000005 0.000007 29.250000 
0.001417 0.000005 0.000004 0.000004 0.000004 0.000004 0.000005 0.000005 0.000005 0.000006 0.000007 30.000000 
0.001623 0.000005 0.000005 0.000004 0.000004 0.000005 0.000005 0.000005 0.000005 0.000006 0.000007 30.750000 
0.002166 0.000005 0.000005 0.000004 0.000005 0.000005 0.000005 0.000005 0.000005 0.000006 0.000007 31.500000 
0.002874 0.000005 0.000005 0.000005 0.000005 0.000005 0.000005 0.000005 0.000005 0.000006 0.000007 32.250000 
0.003557 0.000005 0.000005 0.000005 0.000005 0.000005 0.000005 0.000005 0.000006 0.000006 0.000007 33.000000 
0.004093 0.000006 0.000005 0.000005 0.000005 0.000005 0.000005 0.000005 0.000006 0.000006 0.000008 33.750000 
0.004446 0.000006 0.000005 0.000005 0.000005 0.000005 0.000005 0.000005 0.000006 0.000006 0.000008 34.500000 
0.004644 0.000006 0.000005 0.000005 0.000005 0.000005 0.000005 0.000006 0.000006 0.000006 0.000008 35.250000 
0.004740 0.000006 0.000005 0.000005 0.000005 0.000005 0.000005 0.000006 0.000006 0.000007 0.000008 36.000000 
0.004781 0.000006 0.000005 0.000005 0.000005 0.000005 0.000005 0.000006 0.000006 0.000007 0.000008 36.750000 
0.004796 0.000006 0.000005 0.000005 0.000005 0.000005 0.000006 0.000006 0.000006 0.000007 0.000008 37.500000 
0.004801 0.000006 0.000005 0.000005 0.000005 0.000005 0.000006 0.000006 0.000006 0.000007 0.000008 38.250000 
0.004802 0.000006 0.000006 0.000005 0.000005 0.000006 0.000006 0.000006 0.000006 0.000007 0.000009 39.000000 
0.004802 0.000007 0.000006 0.000005 0.000006 0.000006 0.000006 0.000006 0.000007 0.000007 0.000009 39.750000 
0.004802 0.000007 0.000006 0.000006 0.000006 0.000006 0.000006 0.000006 0.000007 0.000007 0.000009 40.500000 
0.004802 0.000007 0.000006 0.000006 0.000006 0.000006 0.000006 0.000006 0.000007 0.000007 0.000009 41.250000 
0.004802 0.000007 0.000006 0.000006 0.000006 0.000006 0.000006 0.000006 0.000007 0.000008 0.000009 42.000000 
0.004802 0.000007 0.000006 0.000006 0.000006 0.000006 0.000006 0.000007 0.000007 0.000008 0.000009 42.750000 
0.004802 0.000007 0.000006 0.000006 0.000006 0.000006 0.000006 0.000007 0.000007 0.000008 0.000010 43.500000 
0.004802 0.000007 0.000006 0.000006 0.000006 0.000006 0.000007 0.000007 0.000007 0.000008 0.000010 44.250000 
0.004802 0.000008 0.000006 0.000006 0.000006 0.000006 0.000007 0.000007 0.000007 0.000008 0.000010 45.000000 
0.004802 0.000008 0.000007 0.000006 0.000006 0.000007 0.000007 0.000007 0.000008 0.000008 0.000010 45.750000 
0.004802 0.000008 0.000007 0.000006 0.000006 0.000007 0.000007 0.000007 0.000008 0.000008 0.000010 46.500000 
0.004802 0.000008 0.000007 0.000007 0.000007 0.000007 0.000007 0.000007 0.000008 0.000009 0.000011 47.250000 
0.004802 0.000008 0.000007 0.000007 0.000007 0.000007 0.000007 0.000007 0.000008 0.000009 0.000011 48.000000 
0.004802 0.000009 0.000007 0.000007 0.000007 0.000007 0.000007 0.000008 0.000008 0.000009 0.000011 48.750000 
0.004802 0.000009 0.000007 0.000007 0.000007 0.000007 0.000007 0.000008 0.000008 0.000009 0.000011 49.500000 
0.004802 0.000009 0.000007 0.000007 0.000007 0.000007 0.000008 0.000008 0.000008 0.000009 0.000011 50.250000 
0.004802 0.000009 0.000008 0.000007 0.000007 0.000007 0.000008 0.000008 0.000009 0.000009 0.000012 51.000000 
0.004802 0.000009 0.000008 0.000007 0.000007 0.000008 0.000008 0.000008 0.000009 0.000010 0.000012 51.750000 
0.004802 0.000009 0.000008 0.000007 0.000007 0.000008 0.000008 0.000008 0.000009 0.000010 0.000012 52.500000 
0.004802 0.000010 0.000008 0.000008 0.000008 0.000008 0.000008 0.000008 0.000009 0.000010 0.000012 53.250000 
0.004802 0.000010 0.000008 0.000008 0.000008 0.000008 0.000008 0.000009 0.000009 0.000010 0.000012 54.000000 
0.004802 0.000010 0.000008 0.000008 0.000008 0.000008 0.000008 0.000009 0.000009 0.000010 0.000013 54.750000 
0.004802 0.000010 0.000008 0.000008 0.000008 0.000008 0.000009 0.000009 0.000010 0.000011 0.000013 55.500000 
0.004802 0.000011 0.000009 0.000008 0.000008 0.000008 0.000009 0.000009 0.000010 0.000011 0.000013 56.250000 
0.004802 0.000011 0.000009 0.000008 0.000008 0.000008 0.000009 0.000009 0.000010 0.000011 0.000013 57.000000 
0.004802 0.000011 0.000009 0.000008 0.000008 0.000009 0.000009 0.000009 0.000010 0.000011 0.000014 57.750000 
0.004802 0.000011 0.000009 0.000009 0.000009 0.000009 0.000009 0.000010 0.000010 0.000011 0.000014 58.500000 
0.004802 0.000012 0.000009 0.000009 0.000009 0.000009 0.000009 0.000010 0.000011 0.000012 0.000014 59.250000 
0.004802 0.000012 0.000009 0.000009 0.000009 0.000009 0.000009 0.000010 0.000011 0.000012 0.000014 60.000000 
0.004802 0.000012 0.000010 0.000009 0.000009 0.000009 0.000010 0.000010 0.000011 0.000012 0.000015 60.750000 
0.004802 0.000012 0.000010 0.000009 0.000009 0.000009 0.000010 0.000010 0.000011 0.000012 0.000015 61.500000 
0.004802 0.000013 0.000010 0.000009 0.000009 0.000010 0.000010 0.000011 0.000011 0.000013 0.000015 62.250000 
0.004802 0.000013 0.000010 0.000010 0.000010 0.000010 0.000010 0.000011 0.000012 0.000013 0.000016 63.000000 
0.004802 0.000013 0.000010 0.000010 0.000010 0.000010 0.000010 0.000011 0.000012 0.000013 0.000016 63.750000 
0.004802 0.000014 0.000011 0.000010 0.000010 0.000010 0.000011 0.000011 0.000012 0.000013 0.000016 64.500000 
0.004802 0.000014 0.000011 0.000010 0.000010 0.000010 0.000011 0.000011 0.000012 0.000014 0.000017 65.250000 
0.004802 0.000014 0.000011 0.000010 0.000010 0.000011 0.000011 0.000012 0.000012 0.000014 0.000017 66.000000 
0.004802 0.000015 0.000011 0.000011 0.000010 0.000011 0.000011 0.000012 0.000013 0.000014 0.000017 66.750000 
0.004802 0.000015 0.000012 0.000011 0.000011 0.000011 0.000011 0.000012 0.000013 0.000014 0.000018 67.500000 
0.004802 0.000015 0.000012 0.000011 0.000011 0.000011 0.000012 0.000012 0.000013 0.000015 0.000018 68.250000 
0.004802 0.000016 0.000012 0.000011 0.000011 0.000011 0.000012 0.000012 0.000013 0.000015 0.000018 69.000000 
0.004802 0.000016 0.000012 0.000011 0.000011 0.000012 0.000012 0.000013 0.000014 0.000015 0.000019 69.750000 
0.004802 0.000016 0.000012 0.000012 0.000012 0.000012 0.000012 0.000013 0.000014 0.000016 0.000019 70.500000 
0.004802 0.000017 0.000013 0.000012 0.000012 0.000012 0.000013 0.000013 0.000014 0.000016 0.000020 71.250000 
0.004802 0.000017 0.000013 0.000012 0.000012 0.000012 0.000013 0.000013 0.000015 0.000016 0.000020 72.000000 
0.004802 0.000018 0.000013 0.000012 0.000012 0.000012 0.000013 0.000014 0.000015 0.000017 0.000020 72.750000 
0.004802 0.000018 0.000014 0.000013 0.000012 0.000013 0.000013 0.000014 0.000015 0.000017 0.000021 73.500000 
0.004802 0.000019 0.000014 0.000013 0.000013 0.000013 0.000013 0.000014 0.000015 0.000017 0.000021 74.250000 
0.004802 0.000019 0.000014 0.000013 0.000013 0.000013 0.000014 0.000015 0.000016 0.000018 0.000022 75.000000 
0.004802 0.000020 0.000014 0.000013 0.000013 0.000013 0.000014 0.000015 0.000016 0.000018 0.000022 75.750000 
0.004802 0.000020 0.000015 0.000014 0.000013 0.000014 0.000014 0.000015 0.000016 0.000018 0.000023 76.500000 
0.004802 0.000021 0.000015 0.000014 0.000014 0.000014 0.000015 0.000015 0.000017 0.000019 0.000023 77.250000 
0.004802 0.000021 0.000015 0.000014 0.000014 0.000014 0.000015 0.000016 0.000017 0.000019 0.000024 78.000000 
0.004802 0.000022 0.000016 0.000014 0.000014 0.000015 0.000015 0.000016 0.000017 0.000020 0.000024 78.750000 
0.004802 0.000022 0.000016 0.000015 0.000014 0.000015 0.000015 0.000016 0.000018 0.000020 0.000025 79.500000 
0.004802 0.000023 0.000016 0.000015 0.000015 0.000015 0.000016 0.000017 0.000018 0.000020 0.000025 80.250000 
0.004802 0.000024 0.000017 0.000015 0.000015 0.000015 0.000016 0.000017 0.000019 0.000021 0.000026 81.000000 
0.004802 0.000024 0.000017 0.000016 0.000015 0.000016 0.000016 0.000017 0.000019 0.000021 0.000027 81.750000 
0.004802 0.000025 0.000017 0.000016 0.000016 0.000016 0.000017 0.000018 0.000019 0.000022 0.000027 82.500000 
0.004802 0.000026 0.000018 0.000016 0.000016 0.000016 0.000017 0.000018 0.000020 0.000022 0.000028 83.250000 
0.004802 0.000026 0.000018 0.000017 0.000016 0.000017 0.000017 0.000019 0.000020 0.000023 0.000029 84.000000 
0.004802 0.000027 0.000019 0.000017 0.000017 0.000017 0.000018 0.000019 0.000021 0.000023 0.000029 84.750000 
0.004802 0.000028 0.000019 0.000017 0.000017 0.000017 0.000018 0.000019 0.000021 0.000024 0.000030 85.500000 
0.004802 0.000029 0.000020 0.000018 0.000017 0.000018 0.000019 0.000020 0.000022 0.000024 0.000031 86.250000 
0.004802 0.000029 0.000020 0.000018 0.000018 0.000018 0.000019 0.000020 0.000022 0.000025 0.000032 87.000000 
0.004802 0.000030 0.000020 0.000018 0.000018 0.000019 0.000019 0.000021 0.000023 0.000026 0.000032 87.750000 
0.004802 0.000031 0.000021 0.000019 0.000018 0.000019 0.000020 0.000021 0.000023 0.000026 0.000033 88.500000 
0.004802 0.000032 0.000021 0.000019 0.000019 0.000019 0.000020 0.000022 0.000024 0.000027 0.000034 89.250000 
0.004802 0.000033 0.000022 0.000020 0.000019 0.000020 0.000021 0.000022 0.000024 0.000028 0.000035 90.000000 
0.004802 0.000034 0.000022 0.000020 0.000020 0.000020 0.000021 0.000023 0.000025 0.000028 0.000036 90.750000 
0.004802 0.000035 0.000023 0.000021 0.000020 0.000021 0.000022 0.000023 0.000025 0.000029 0.000037 91.500000 
0.004802 0.000036 0.000024 0.000021 0.000021 0.000021 0.000022 0.000024 0.000026 0.000030 0.000038 92.250000 
0.004802 0.000037 0.000024 0.000021 0.000021 0.000022 0.000023 0.000024 0.000027 0.000030 0.000039 93.000000 
0.004802 0.000039 0.000025 0.000022 0.000022 0.000022 0.000023 0.000025 0.000027 0.000031 0.000040 93.750000 
0.004802 0.000040 0.000025 0.000022 0.000022 0.000023 0.000024 0.000025 0.000028 0.000032 0.000041 94.500000 
0.004802 0.000041 0.000026 0.000023 0.000023 0.000023 0.000024 0.000026 0.000029 0.000033 0.000042 95.250000 
0.004802 0.000042 0.000027 0.000024 0.000023 0.000024 0.000025 0.000027 0.000029 0.000034 0.000043 96.000000 
0.004802 0.000044 0.000027 0.000024 0.000024 0.000024 0.000025 0.000027 0.000030 0.000034 0.000045 96.750000 
0.004802 0.000045 0.000028 0.000025 0.000024 0.000025 0.000026 0.000028 0.000031 0.000035 0.000046 97.500000 
0.004802 0.000047 0.000029 0.000025 0.000025 0.000025 0.000027 0.000029 0.000032 0.000036 0.000047 98.250000 
0.004802 0.000048 0.000030 0.000026 0.000025 0.000026 0.000027 0.000029 0.000032 0.000037 0.000049 99.000000 
0.004802 0.000050 0.000030 0.000026 0.000026 0.000026 0.000028 0.000030 0.000033 0.000038 0.000050 99.750000 
0.004802 0.000052 0.000031 0.000027 0.000026 0.000027 0.000029 0.000031 0.000034 0.000039 0.000052 100.500000 
0.004802 0.000054 0.000032 0.000028 0.000027 0.000028 0.000029 0.000032 0.000035 0.000041 0.000053 101.250000 
0.004802 0.000056 0.000033 0.000029 0.000028 0.000028 0.000030 0.000032 0.000036 0.000042 0.000055 102.000000 
0.004802 0.000058 0.000034 0.000029 0.000028 0.000029 0.000031 0.000033 0.000037 0.000043 0.000057 102.750000 
0.004802 0.000060 0.000035 0.000030 0.000029 0.000030 0.000032 0.000034 0.000038 0.000044 0.000058 103.500000 
0.004802 0.000062 0.000036 0.000031 0.000030 0.000031 0.000032 0.000035 0.000039 0.000045 0.000060 104.250000 
0.004802 0.000065 0.000037 0.000032 0.000031 0.000031 0.000033 0.000036 0.000040 0.000047 0.000062 105.000000 
0.004802 0.000067 0.000038 0.000032 0.000031 0.000032 0.000034 0.000037 0.000041 0.000048 0.000064 105.750000 
0.004802 0.000070 0.000039 0.000033 0.000032 0.000033 0.000035 0.000038 0.000042 0.000050 0.000067 106.500000 
0.004802 0.000073 0.000040 0.000034 0.000033 0.000034 0.000036 0.000039 0.000044 0.000051 0.000069 107.250000 
0.004802 0.000076 0.000041 0.000035 0.000034 0.000035 0.000037 0.000040 0.000045 0.000053 0.000071 108.000000 
0.004802 0.000079 0.000042 0.000036 0.000035 0.000036 0.000038 0.000041 0.000046 0.000054 0.000074 108.750000 
0.004802 0.000083 0.000044 0.000037 0.000036 0.000037 0.000039 0.000042 0.000048 0.000056 0.000077 109.500000 
0.004802 0.000086 0.000045 0.000038 0.000037 0.000038 0.000040 0.000044 0.000049 0.000058 0.000080 110.250000 
0.004802 0.000090 0.000046 0.000039 0.000038 0.000039 0.000041 0.000045 0.000051 0.000060 0.000083 111.000000 
0.004802 0.000094 0.000048 0.000040 0.000039 0.000040 0.000042 0.000046 0.000052 0.000062 0.000086 111.750000 
0.004802 0.000099 0.000049 0.000041 0.000040 0.000041 0.000044 0.000048 0.000054 0.000064 0.000089 112.500000 
0.004802 0.000104 0.000051 0.000043 0.000041 0.000042 0.000045 0.000049 0.000055 0.000066 0.000093 113.250000 
0.004802 0.000109 0.000053 0.000044 0.000042 0.000043 0.000046 0.000051 0.000057 0.000069 0.000097 114.000000 
0.004802 0.000115 0.000055 0.000045 0.000044 0.000045 0.000048 0.000052 0.000059 0.000071 0.000101 114.750000 
0.004802 0.000121 0.000056 0.000047 0.000045 0.000046 0.000049 0.000054 0.000061 0.000074 0.000105 115.500000 
0.004802 0.000127 0.000058 0.000048 0.000046 0.000047 0.000050 0.000055 0.000063 0.000077 0.000110 116.250000 
0.004802 0.000134 0.000060 0.000050 0.000048 0.000049 0.000052 0.000057 0.000065 0.000079 0.000115 117.000000 
0.004802 0.000142 0.000063 0.000051 0.000049 0.000050 0.000054 0.000059 0.000068 0.000083 0.000120 117.750000 
0.004802 0.000151 0.000065 0.000053 0.000051 0.000052 0.000055 0.000061 0.000070 0.000086 0.000126 118.500000 
0.004802 0.000160 0.000067 0.000054 0.000052 0.000054 0.000057 0.000063 0.000073 0.000089 0.000132 119.250000 
0.004802 0.000170 0.000070 0.000056 0.000054 0.000055 0.000059 0.000065 0.000075 0.000093 0.000139 120.000000 
0.004802 0.000181 0.000072 0.000058 0.000056 0.000057 0.000061 0.000068 0.000078 0.000097 0.000146 120.750000 
0.004802 0.000194 0.000075 0.000060 0.000057 0.000059 0.000063 0.000070 0.000081 0.000101 0.000154 121.500000 
0.004802 0.000208 0.000078 0.000062 0.000059 0.000061 0.000065 0.000073 0.000084 0.000105 0.000162 122.250000 
0.004802 0.000223 0.000081 0.000064 0.000061 0.000063 0.000068 0.000075 0.000088 0.000110 0.000171 123.000000 
0.004802 0.000241 0.000084 0.000067 0.000063 0.000065 0.000070 0.000078 0.000091 0.000115 0.000181 123.750000 
0.004802 0.000260 0.000088 0.000069 0.000066 0.000067 0.000073 0.000081 0.000095 0.000120 0.000193 124.500000 
0.004802 0.000281 0.000092 0.000072 0.000068 0.000070 0.000075 0.000084 0.000099 0.000126 0.000205 125.250000 
0.004802 0.000305 0.000096 0.000074 0.000070 0.000072 0.000078 0.000088 0.000103 0.000133 0.000218 126.000000 
0.004802 0.000331 0.000100 0.000077 0.000073 0.000075 0.000081 0.000091 0.000108 0.000139 0.000233 126.750000 
0.004802 0.000361 0.000105 0.000080 0.000076 0.000078 0.000084 0.000095 0.000113 0.000147 0.000250 127.500000 
0.004802 0.000393 0.000109 0.000083 0.000079 0.000081 0.000088 0.000099 0.000118 0.000155 0.000268 128.250000 
0.004802 0.000430 0.000115 0.000087 0.000082 0.000084 0.000091 0.000104 0.000124 0.000163 0.000288 129.000000 
0.004802 0.000469 0.000120 0.000090 0.000085 0.000087 0.000095 0.000108 0.000130 0.000173 0.000310 129.750000 
0.004802 0.000513 0.000126 0.000094 0.000088 0.000091 0.000099 0.000113 0.000137 0.000183 0.000335 130.500000 
0.004802 0.000562 0.000133 0.000098 0.000092 0.000095 0.000103 0.000118 0.000144 0.000195 0.000362 131.250000 
0.004802 0.000614 0.000140 0.000102 0.000096 0.000099 0.000108 0.000124 0.000152 0.000208 0.000392 132.000000 
0.004802 0.000671 0.000148 0.000107 0.000100 0.000103 0.000113 0.000130 0.000160 0.000221 0.000425 132.750000 
0.004802 0.000733 0.000156 0.000112 0.000104 0.000108 0.000118 0.000137 0.000169 0.000237 0.000461 133.500000 
0.004802 0.000800 0.000166 0.000117 0.000109 0.000113 0.000124 0.000144 0.000179 0.000254 0.000501 134.250000 
0.004802 0.000872 0.000176 0.000123 0.000114 0.000118 0.000130 0.000152 0.000190 0.000273 0.000545 135.000000 
0.004802 0.000948 0.000187 0.000129 0.000119 0.000123 0.000137 0.000160 0.000203 0.000293 0.000593 135.750000 
0.004802 0.001029 0.000199 0.000135 0.000125 0.000130 0.000144 0.000169 0.000216 0.000316 0.000644 136.500000 
0.004802 0.001114 0.000213 0.000143 0.000131 0.000136 0.000152 0.000180 0.000231 0.000342 0.000700 137.250000 
0.004802 0.001203 0.000228 0.000150 0.000138 0.000143 0.000160 0.000191 0.000247 0.000370 0.000761 138.000000 
0.004802 0.001296 0.000244 0.000159 0.000145 0.000151 0.000169 0.000203 0.000265 0.000401 0.000825 138.750000 
0.004802 0.001393 0.000263 0.000168 0.000153 0.000159 0.000179 0.000216 0.000285 0.000436 0.000894 139.500000 
0.004802 0.001492 0.000283 0.000178 0.000162 0.000169 0.000191 0.000231 0.000308 0.000474 0.000967 140.250000 
0.004802 0.001595 0.000306 0.000190 0.000171 0.000179 0.000203 0.000248 0.000332 0.000515 0.001045 141.000000 
0.004802 0.001699 0.000331 0.000202 0.000182 0.000190 0.000216 0.000266 0.000360 0.000560 0.001126 141.750000 
0.004802 0.001805 0.000359 0.000215 0.000193 0.000202 0.000231 0.000286 0.000390 0.000609 0.001211 142.500000 
0.004802 0.001912 0.000390 0.000230 0.000206 0.000215 0.000248 0.000308 0.000423 0.000663 0.001300 143.250000 
0.004802 0.002020 0.000425 0.000247 0.000220 0.000230 0.000266 0.000333 0.000460 0.000721 0.001392 144.000000 
0.004802 0.002128 0.000462 0.000265 0.000235 0.000247 0.000286 0.000361 0.000500 0.000783 0.001486 144.750000 
0.004802 0.002236 0.000504 0.000286 0.000252 0.000265 0.000308 0.000391 0.000544 0.000849 0.001583 145.500000 
0.004802 0.002343 0.000549 0.000308 0.000271 0.000285 0.000333 0.000424 0.000591 0.000920 0.001683 146.250000 
0.004802 0.002449 0.000599 0.000334 0.000291 0.000307 0.000360 0.000461 0.000644 0.000995 0.001783 147.000000 
0.004802 0.002553 0.000653 0.000361 0.000314 0.000332 0.000391 0.000501 0.000700 0.001075 0.001885 147.750000 
0.004802 0.002655 0.000711 0.000392 0.000340 0.000359 0.000424 0.000545 0.000760 0.001158 0.001988 148.500000 
0.004802 0.002756 0.000774 0.000426 0.000368 0.000389 0.000461 0.000593 0.000826 0.001245 0.002091 149.250000 
0.004802 0.002853 0.000841 0.000463 0.000399 0.000422 0.000501 0.000646 0.000895 0.001335 0.002194 150.000000 
0.004802 0.002948 0.000913 0.000504 0.000434 0.000459 0.000545 0.000702 0.000969 0.001429 0.002296 150.750000 
0.004802 0.003040 0.000989 0.000549 0.000472 0.000499 0.000593 0.000763 0.001047 0.001525 0.002398 151.500000 
0.004802 0.003129 0.001070 0.000598 0.000513 0.000543 0.000645 0.000828 0.001129 0.001623 0.002498 152.250000 
0.004802 0.003215 0.001155 0.000651 0.000558 0.000591 0.000702 0.000898 0.001215 0.001724 0.002596 153.000000 
0.004802 0.003298 0.001243 0.000708 0.000608 0.000643 0.000763 0.000972 0.001304 0.001825 0.002693 153.750000 
0.004802 0.003377 0.001335 0.000770 0.000662 0.000700 0.000828 0.001050 0.001396 0.001928 0.002788 154.500000 
0.004802 0.003454 0.001430 0.000837 0.000720 0.000760 0.000898 0.001132 0.001492 0.002032 0.002880 155.250000 
0.004802 0.003527 0.001528 0.000907 0.000782 0.000826 0.000972 0.001218 0.001590 0.002135 0.002969 156.000000 
0.004802 0.003596 0.001629 0.000982 0.000849 0.000895 0.001050 0.001308 0.001690 0.002238 0.003057 156.750000 
0.004802 0.003663 0.001731 0.001062 0.000920 0.000969 0.001132 0.001401 0.001791 0.002341 0.003141 157.500000 
0.004802 0.003726 0.001834 0.001145 0.000996 0.001047 0.001218 0.001496 0.001894 0.002442 0.003222 158.250000 
0.004802 0.003786 0.001939 0.001232 0.001075 0.001130 0.001308 0.001594 0.001997 0.002542 0.003301 159.000000 
0.004802 0.003844 0.002044 0.001323 0.001159 0.001216 0.001401 0.001694 0.002100 0.002640 0.003376 159.750000 
0.004802 0.003898 0.002150 0.001417 0.001246 0.001305 0.001496 0.001796 0.002204 0.002736 0.003449 160.500000 
0.004802 0.003949 0.002254 0.001514 0.001337 0.001398 0.001594 0.001898 0.002307 0.002830 0.003518 161.250000 
0.004802 0.003998 0.002358 0.001613 0.001431 0.001493 0.001694 0.002002 0.002409 0.002922 0.003585 162.000000 
0.004802 0.004045 0.002461 0.001714 0.001528 0.001592 0.001796 0.002105 0.002509 0.003011 0.003648 162.750000 
0.004802 0.004088 0.002563 0.001816 0.001627 0.001692 0.001899 0.002209 0.002608 0.003097 0.003709 163.500000 
0.004802 0.004130 0.002662 0.001920 0.001728 0.001793 0.002002 0.002312 0.002705 0.003180 0.003767 164.250000 
0.004802 0.004169 0.002760 0.002024 0.001830 0.001896 0.002106 0.002414 0.002800 0.003261 0.003822 165.000000 
0.004802 0.004206 0.002855 0.002129 0.001933 0.002000 0.002209 0.002514 0.002892 0.003338 0.003875 165.750000 
0.004802 0.004241 0.002947 0.002233 0.002037 0.002103 0.002312 0.002613 0.002982 0.003412 0.003925 166.500000 
0.004802 0.004274 0.003037 0.002336 0.002141 0.002207 0.002414 0.002710 0.003069 0.003484 0.003972 167.250000 
0.004802 0.004305 0.003124 0.002438 0.002245 0.002310 0.002515 0.002805 0.003154 0.003552 0.004018 168.000000 
0.004802 0.004334 0.003208 0.002539 0.002348 0.002412 0.002614 0.002897 0.003235 0.003617 0.004060 168.750000 
0.004802 0.004362 0.003288 0.002638 0.002449 0.002513 0.002711 0.002987 0.003314 0.003680 0.004101 169.500000 
0.004802 0.004388 0.003366 0.002735 0.002550 0.002612 0.002805 0.003074 0.003389 0.003740 0.004140 170.250000 
0.004802 0.004412 0.003441 0.002830 0.002648 0.002709 0.002898 0.003158 0.003461 0.003796 0.004176 171.000000 
0.004802 0.004435 0.003512 0.002922 0.002745 0.002804 0.002988 0.003239 0.003531 0.003851 0.004211 171.750000 
0.004802 0.004457 0.003581 0.003012 0.002839 0.002896 0.003075 0.003318 0.003597 0.003902 0.004243 172.500000 
0.004802 0.004477 0.003646 0.003099 0.002931 0.002986 0.003159 0.003393 0.003661 0.003951 0.004274 173.250000 
0.004802 0.004497 0.003708 0.003183 0.003020 0.003073 0.003240 0.003465 0.003721 0.003997 0.004304 174.000000 
0.004802 0.004515 0.003768 0.003264 0.003106 0.003158 0.003319 0.003535 0.003779 0.004041 0.004331 174.750000 
0.004802 0.004532 0.003824 0.003342 0.003189 0.003239 0.003394 0.003601 0.003834 0.004083 0.004358 175.500000 
0.004802 0.004548 0.003878 0.003417 0.003270 0.003318 0.003466 0.003664 0.003886 0.004123 0.004382 176.250000 
0.004802 0.004563 0.003929 0.003489 0.003347 0.003393 0.003536 0.003725 0.003936 0.004161 0.004406 177.000000 
0.004802 0.004577 0.003978 0.003557 0.003422 0.003466 0.003602 0.003782 0.003983 0.004196 0.004428 177.750000 
0.004802 0.004591 0.004024 0.003623 0.003493 0.003535 0.003665 0.003837 0.004028 0.004230 0.004449 178.500000 
0.004802 0.004603 0.004067 0.003686 0.003561 0.003601 0.003726 0.003889 0.004071 0.004262 0.004469 179.250000 
0.004802 0.004615 0.004109 0.003746 0.003627 0.003665 0.003783 0.003939 0.004111 0.004292 0.004487 180.000000 
0.004802 0.004626 0.004148 0.003803 0.003689 0.003725 0.003838 0.003986 0.004149 0.004320 0.004505 180.750000 
0.004802 0.004637 0.004185 0.003857 0.003749 0.003783 0.003890 0.004031 0.004186 0.004347 0.004522 181.500000 
0.004802 0.004647 0.004220 0.003909 0.003805 0.003838 0.003940 0.004073 0.004220 0.004373 0.004537 182.250000 
0.004802 0.004656 0.004253 0.003958 0.003859 0.003890 0.003987 0.004114 0.004252 0.004397 0.004552 183.000000 
0.004802 0.004665 0.004284 0.004004 0.003911 0.003940 0.004032 0.004152 0.004283 0.004420 0.004566 183.750000 
0.004802 0.004673 0.004314 0.004049 0.003959 0.003987 0.004074 0.004188 0.004312 0.004441 0.004579 184.500000 
0.004802 0.004681 0.004341 0.004090 0.004006 0.004032 0.004115 0.004222 0.004340 0.004461 0.004592 185.250000 
0.004802 0.004688 0.004368 0.004130 0.004050 0.004074 0.004153 0.004255 0.004366 0.004481 0.004604 186.000000 
0.004802 0.004695 0.004393 0.004168 0.004091 0.004115 0.004189 0.004285 0.004390 0.004499 0.004615 186.750000 
0.004802 0.004701 0.004416 0.004203 0.004131 0.004153 0.004223 0.004314 0.004413 0.004516 0.004625 187.500000 
0.004802 0.004707 0.004438 0.004237 0.004168 0.004189 0.004255 0.004341 0.004435 0.004532 0.004635 188.250000 
0.004802 0.004713 0.004459 0.004269 0.004203 0.004223 0.004286 0.004367 0.004456 0.004547 0.004645 189.000000 
0.004802 0.004718 0.004479 0.004299 0.004237 0.004255 0.004315 0.004392 0.004475 0.004562 0.004654 189.750000 
0.004802 0.004723 0.004497 0.004327 0.004269 0.004286 0.004342 0.004415 0.004494 0.004575 0.004662 190.500000 
0.004802 0.004728 0.004515 0.004354 0.004299 0.004315 0.004368 0.004437 0.004511 0.004588 0.004670 191.250000 
0.004802 0.004732 0.004532 0.004379 0.004327 0.004342 0.004392 0.004457 0.004528 0.004600 0.004677 192.000000 
0.004802 0.004736 0.004547 0.004403 0.004354 0.004368 0.004415 0.004477 0.004543 0.004611 0.004684 192.750000 
0.004802 0.004740 0.004562 0.004426 0.004379 0.004393 0.004437 0.004495 0.004558 0.004622 0.004691 193.500000 
0.004802 0.004744 0.004576 0.004447 0.004403 0.004416 0.004458 0.004512 0.004571 0.004632 0.004697 194.250000 
0.004802 0.004748 0.004589 0.004468 0.004425 0.004438 0.004477 0.004529 0.004585 0.004642 0.004703 195.000000 
0.004802 0.004751 0.004601 0.004487 0.004447 0.004458 0.004496 0.004544 0.004597 0.004651 0.004709 195.750000 
0.004802 0.004754 0.004613 0.004505 0.004467 0.004478 0.004513 0.004559 0.004608 0.004660 0.004714 196.500000 
0.004802 0.004757 0.004624 0.004522 0.004486 0.004496 0.004529 0.004573 0.004619 0.004668 0.004719 197.250000 
0.004802 0.004759 0.004634 0.004538 0.004504 0.004513 0.004545 0.004586 0.004630 0.004675 0.004724 198.000000 
0.004802 0.004762 0.004644 0.004553 0.004521 0.004530 0.004559 0.004598 0.004639 0.004682 0.004728 198.750000 
0.004802 0.004764 0.004653 0.004567 0.004537 0.004545 0.004573 0.004609 0.004649 0.004689 0.004732 199.500000 
0.004802 0.004767 0.004661 0.004580 0.004552 0.004560 0.004586 0.004620 0.004657 0.004696 0.004736 200.250000 
0.004802 0.004769 0.004670 0.004593 0.004566 0.004573 0.004598 0.004631 0.004666 0.004702 0.004740 201.000000 
0.004802 0.004771 0.004677 0.004605 0.004579 0.004586 0.004610 0.004640 0.004673 0.004707 0.004743 201.750000 
0.004802 0.004773 0.004684 0.004616 0.004592 0.004598 0.004621 0.004649 0.004681 0.004713 0.004747 202.500000 
0.004802 0.004774 0.004691 0.004627 0.004604 0.004610 0.004631 0.004658 0.004687 0.004718 0.004750 203.250000 
0.004802 0.004776 0.004698 0.004637 0.004615 0.004621 0.004641 0.004666 0.004694 0.004722 0.004753 204.000000 
0.004802 0.004778 0.004704 0.004646 0.004626 0.004631 0.004650 0.004674 0.004700 0.004727 0.004755 204.750000 
0.004802 0.004779 0.004709 0.004655 0.004636 0.004641 0.004658 0.004681 0.004706 0.004731 0.004758 205.500000 
0.004802 0.004781 0.004715 0.004663 0.004645 0.004650 0.004667 0.004688 0.004711 0.004735 0.004761 206.250000 
0.004802 0.004782 0.004720 0.004671 0.004654 0.004659 0.004674 0.004695 0.004716 0.004739 0.004763 207.000000 
0.004802 0.004783 0.004725 0.004679 0.004663 0.004667 0.004681 0.004701 0.004721 0.004743 0.004765 207.750000 
0.004802 0.004784 0.004729 0.004686 0.004671 0.004674 0.004688 0.004706 0.004726 0.004746 0.004767 208.500000 
0.004802 0.004785 0.004733 0.004693 0.004678 0.004682 0.004695 0.004712 0.004730 0.004749 0.004769 209.250000 
0.004802 0.004786 0.004737 0.004699 0.004685 0.004689 0.004701 0.004717 0.004734 0.004752 0.004771 210.000000 
0.004802 0.004787 0.004741 0.004705 0.004692 0.004695 0.004707 0.004722 0.004738 0.004755 0.004773 210.750000 
0.004802 0.004788 0.004745 0.004710 0.004698 0.004701 0.004712 0.004726 0.004742 0.004758 0.004774 211.500000 
0.004802 0.004789 0.004748 0.004716 0.004704 0.004707 0.004717 0.004731 0.004745 0.004760 0.004776 212.250000 
0.004802 0.004790 0.004751 0.004721 0.004710 0.004712 0.004722 0.004735 0.004748 0.004763 0.004777 213.000000 
0.004802 0.004791 0.004754 0.004725 0.004715 0.004717 0.004727 0.004738 0.004751 0.004765 0.004779 213.750000 
0.004802 0.004791 0.004757 0.004730 0.004720 0.004722 0.004731 0.004742 0.004754 0.004767 0.004780 214.500000 
0.004802 0.004792 0.004759 0.004734 0.004724 0.004727 0.004735 0.004745 0.004757 0.004769 0.004781 215.250000 
0.004802 0.004793 0.004762 0.004738 0.004729 0.004731 0.004739 0.004749 0.004760 0.004771 0.004783 216.000000 
0.004802 0.004793 0.004764 0.004741 0.004733 0.004735 0.004742 0.004752 0.004762 0.004773 0.004784 216.750000 
0.004802 0.004794 0.004766 0.004745 0.004737 0.004739 0.004746 0.004755 0.004764 0.004774 0.004785 217.500000 
0.004802 0.004794 0.004768 0.004748 0.004741 0.004742 0.004749 0.004757 0.004766 0.004776 0.004786 218.250000 
0.004802 0.004795 0.004770 0.004751 0.004744 0.004746 0.004752 0.004760 0.004768 0.004777 0.004787 219.000000 
0.004802 0.004795 0.004772 0.004754 0.004747 0.004749 0.004755 0.004762 0.004770 0.004779 0.004788 219.750000 
0.004802 0.004796 0.004774 0.004757 0.004751 0.004752 0.004757 0.004765 0.004772 0.004780 0.004788 220.500000 
0.004802 0.004796 0.004776 0.004759 0.004754 0.004755 0.004760 0.004767 0.004774 0.004781 0.004789 221.250000 
0.004802 0.004796 0.004777 0.004762 0.004756 0.004758 0.004762 0.004769 0.004775 0.004782 0.004790 222.000000 
0.004802 0.004797 0.004779 0.004764 0.004759 0.004760 0.004765 0.004771 0.004777 0.004784 0.004791 222.750000 
0.004802 0.004797 0.004780 0.004766 0.004761 0.004763 0.004767 0.004772 0.004778 0.004785 0.004791 223.500000 
0.004802 0.004797 0.004781 0.004768 0.004764 0.004765 0.004769 0.004774 0.004780 0.004786 0.004792 224.250000 
0.004802 0.004798 0.004782 0.004770 0.004766 0.004767 0.004771 0.004776 0.004781 0.004787 0.004792 225.000000 
0.004802 0.004798 0.004784 0.004772 0.004768 0.004769 0.004772 0.004777 0.004782 0.004787 0.004793 225.750000 
0.004802 0.004798 0.004785 0.004774 0.004770 0.004771 0.004774 0.004779 0.004783 0.004788 0.004794 226.500000 
0.004802 0.004798 0.004786 0.004776 0.004772 0.004773 0.004776 0.004780 0.004784 0.004789 0.004794 227.250000 
0.004802 0.004799 0.004787 0.004777 0.004773 0.004774 0.004777 0.004781 0.004785 0.004790 0.004794 228.000000 
0.004802 0.004799 0.004788 0.004778 0.004775 0.004776 0.004779 0.004782 0.004786 0.004791 0.004795 228.750000 
0.004802 0.004799 0.004788 0.004780 0.004777 0.004777 0.004780 0.004784 0.004787 0.004791 0.004795 229.500000 
0.004802 0.004799 0.004789 0.004781 0.004778 0.004779 0.004781 0.004785 0.004788 0.004792 0.004796 230.250000 
0.004802 0.004799 0.004790 0.004782 0.004779 0.004780 0.004782 0.004786 0.004789 0.004792 0.004796 231.000000 
0.004802 0.004800 0.004791 0.004783 0.004781 0.004781 0.004784 0.004787 0.004790 0.004793 0.004796 231.750000 
0.004802 0.004800 0.004791 0.004785 0.004782 0.004783 0.004785 0.004787 0.004790 0.004794 0.004797 232.500000 
0.004802 0.004800 0.004792 0.004786 0.004783 0.004784 0.004786 0.004788 0.004791 0.004794 0.004797 233.250000 
0.004802 0.004800 0.004793 0.004787 0.004784 0.004785 0.004787 0.004789 0.004792 0.004794 0.004797 234.000000 
0.004802 0.004800 0.004793 0.004787 0.004785 0.004786 0.004787 0.004790 0.004792 0.004795 0.004798 234.750000 
0.004802 0.004800 0.004794 0.004788 0.004786 0.004787 0.004788 0.004791 0.004793 0.004795 0.004798 235.500000 
0.004802 0.004800 0.004794 0.004789 0.004787 0.004788 0.004789 0.004791 0.004793 0.004796 0.004798 236.250000 
0.004802 0.004801 0.004795 0.004790 0.004788 0.004788 0.004790 0.004792 0.004794 0.004796 0.004798 237.000000 
0.004802 0.004801 0.004795 0.004791 0.004789 0.004789 0.004791 0.004792 0.004794 0.004796 0.004799 237.750000 
0.004802 0.004801 0.004796 0.004791 0.004790 0.004790 0.004791 0.004793 0.004795 0.004797 0.004799 238.500000 
0.004802 0.004801 0.004796 0.004792 0.004790 0.004791 0.004792 0.004793 0.004795 0.004797 0.004799 239.250000 
0.004802 0.004801 0.004796 0.004792 0.004791 0.004791 0.004792 0.004794 0.004796 0.004797 0.004799 240.000000 
0.004802 0.004801 0.004797 0.004793 0.004792 0.004792 0.004793 0.004794 0.004796 0.004798 0.004799 240.750000 
0.004802 0.004801 0.004797 0.004794 0.004792 0.004792 0.004794 0.004795 0.004796 0.004798 0.004800 241.500000 
0.004802 0.004801 0.004797 0.004794 0.004793 0.004793 0.004794 0.004795 0.004797 0.004798 0.004800 242.250000 
0.004802 0.004801 0.004798 0.004795 0.004793 0.004794 0.004794 0.004796 0.004797 0.004798 0.004800 243.000000 
0.004802 0.004801 0.004798 0.004795 0.004794 0.004794 0.004795 0.004796 0.004797 0.004799 0.004800 243.750000 
0.004802 0.004801 0.004798 0.004795 0.004794 0.004795 0.004795 0.004796 0.004798 0.004799 0.004800 244.500000 
0.004802 0.004801 0.004798 0.004796 0.004795 0.004795 0.004796 0.004797 0.004798 0.004799 0.004800 245.250000 
0.004802 0.004802 0.004799 0.004796 0.004795 0.004795 0.004796 0.004797 0.004798 0.004799 0.004800 246.000000 
0.004802 0.004802 0.004799 0.004797 0.004796 0.004796 0.004796 0.004797 0.004798 0.004799 0.004800 246.750000 
0.004802 0.004802 0.004799 0.004797 0.004796 0.004796 0.004797 0.004798 0.004799 0.004800 0.004801 247.500000 
0.004802 0.004802 0.004799 0.004797 0.004796 0.004797 0.004797 0.004798 0.004799 0.004800 0.004801 248.250000 
0.004802 0.004802 0.004799 0.004797 0.004797 0.004797 0.004797 0.004798 0.004799 0.004800 0.004801 249.000000 
0.004802 0.004802 0.004800 0.004798 0.004797 0.004797 0.004798 0.004798 0.004799 0.004800 0.004801 249.750000 
0.004802 0.004802 0.004800 0.004798 0.004797 0.004797 0.004798 0.004799 0.004799 0.004800 0.004801 250.500000 
0.004802 0.004802 0.004800 0.004798 0.004798 0.004798 0.004798 0.004799 0.004800 0.004800 0.004801 251.250000 
0.004802 0.004802 0.004800 0.004798 0.004798 0.004798 0.004798 0.004799 0.004800 0.004800 0.004801 252.000000 
0.004802 0.004802 0.004800 0.004799 0.004798 0.004798 0.004799 0.004799 0.004800 0.004800 0.004801 252.750000 
0.004802 0.004802 0.004800 0.004799 0.004798 0.004798 0.004799 0.004799 0.004800 0.004801 0.004801 253.500000 
0.004802 0.004802 0.004800 0.004799 0.004799 0.004799 0.004799 0.004800 0.004800 0.004801 0.004801 254.250000 
0.004802 0.004802 0.004800 0.004799 0.004799 0.004799 0.004799 0.004800 0.004800 0.004801 0.004801 255.000000 
0.004802 0.004802 0.004801 0.004799 0.004799 0.004799 0.004799 0.004800 0.004800 0.004801 0.004801 255.750000 
0.004802 0.004802 0.004801 0.004800 0.004799 0.004799 0.004800 0.004800 0.004800 0.004801 0.004801 256.500000 
0.004802 0.004802 0.004801 0.004800 0.004799 0.004799 0.004800 0.004800 0.004801 0.004801 0.004802 257.250000 
0.004802 0.004802 0.004801 0.004800 0.004800 0.004800 0.004800 0.004800 0.004801 0.004801 0.004802 258.000000 
0.004802 0.004802 0.004801 0.004800 0.004800 0.004800 0.004800 0.004800 0.004801 0.004801 0.004802 258.750000 
0.004802 0.004802 0.004801 0.004800 0.004800 0.004800 0.004800 0.004800 0.004801 0.004801 0.004802 259.500000 
0.004802 0.004802 0.004801 0.004800 0.004800 0.004800 0.004800 0.004801 0.004801 0.004801 0.004802 260.250000 
0.004802 0.004802 0.004801 0.004800 0.004800 0.004800 0.004800 0.004801 0.004801 0.004801 0.004802 261.000000 
0.004802 0.004802 0.004801 0.004801 0.004800 0.004800 0.004801 0.004801 0.004801 0.004801 0.004802 261.750000 
0.004802 0.004802 0.004801 0.004801 0.004800 0.004800 0.004801 0.004801 0.004801 0.004801 0.004802 262.500000 
0.004802 0.004802 0.004801 0.004801 0.004800 0.004801 0.004801 0.004801 0.004801 0.004802 0.004802 263.250000 
0.004802 0.004802 0.004801 0.004801 0.004801 0.004801 0.004801 0.004801 0.004801 0.004802 0.004802 264.000000 
0.004802 0.004802 0.004801 0.004801 0.004801 0.004801 0.004801 0.004801 0.004801 0.004802 0.004802 264.750000 
0.004802 0.004802 0.004802 0.004801 0.004801 0.004801 0.004801 0.004801 0.004801 0.004802 0.004802 265.500000 
0.004802 0.004802 0.004802 0.004801 0.004801 0.004801 0.004801 0.004801 0.004801 0.004802 0.004802 266.250000 
0.004802 0.004802 0.004802 0.004801 0.004801 0.004801 0.004801 0.004801 0.004802 0.004802 0.004802 267.000000 
0.004802 0.004802 0.004802 0.004801 0.004801 0.004801 0.004801 0.004801 0.004802 0.004802 0.004802 267.750000 
0.004802 0.004802 0.004802 0.004801 0.004801 0.004801 0.004801 0.004801 0.004802 0.004802 0.004802 268.500000 
0.004802 0.004802 0.004802 0.004801 0.004801 0.004801 0.004801 0.004801 0.004802 0.004802 0.004802 269.250000 
0.004802 0.004802 0.004802 0.004801 0.004801 0.004801 0.004801 0.004802 0.004802 0.004802 0.004802 270.000000 
0.004802 0.004802 0.004802 0.004801 0.004801 0.004801 0.004801 0.004802 0.004802 0.004802 0.004802 270.750000 
0.004802 0.004802 0.004802 0.004802 0.004801 0.004801 0.004801 0.004802 0.004802 0.004802 0.004802 271.500000 
0.004802 0.004802 0.004802 0.004802 0.004801 0.004801 0.004802 0.004802 0.004802 0.004802 0.004802 272.250000 
0.004802 0.004802 0.004802 0.004802 0.004801 0.004802 0.004802 0.004802 0.004802 0.004802 0.004802 273.000000 
0.004802 0.004802 0.004802 0.004802 0.004802 0.004802 0.004802 0.004802 0.004802 0.004802 0.004802 273.750000 
0.004802 0.004802 0.004802 0.004802 0.004802 0.004802 0.004802 0.004802 0.004802 0.004802 0.004802 274.500000 
0.004802 0.004802 0.004802 0.004802 0.004802 0.004802 0.004802 0.004802 0.004802 0.004802 0.004802 275.250000 
0.004802 0.004802 0.004802 0.004802 0.004802 0.004802 0.004802 0.004802 0.004802 0.004802 0.004802 276.000000 
0.004802 0.004802 0.004802 0.004802 0.004802 0.004802 0.004802 0.004802 0.004802 0.004802 0.004802 276.750000 
0.004802 0.004802 0.004802 0.004802 0.004802 0.004802 0.004802 0.004802 0.004802 0.004802 0.004802 277.500000 
0.004802 0.004802 0.004802 0.004802 0.004802 0.004802 0.004802 0.004802 0.004802 0.004802 0.004802 278.250000 
0.004802 0.004802 0.004802 0.004802 0.004802 0.004802 0.004802 0.004802 0.004802 0.004802 0.004802 279.000000 
0.004802 0.004802 0.004802 0.004802 0.004802 0.004802 0.004802 0.004802 0.004802 0.004802 0.004802 279.750000 
0.004802 0.004802 0.004802 0.004802 0.004802 0.004802 0.004802 0.004802 0.004802 0.004802 0.004802 280.500000 
0.004802 0.004802 0.004802 0.004802 0.004802 0.004802 0.004802 0.004802 0.004802 0.004802 0.004802 281.250000 
0.004802 0.004802 0.004802 0.004802 0.004802 0.004802 0.004802 0.004802 0.004802 0.004802 0.004802 282.000000 
0.004802 0.004802 0.004802 0.004802 0.004802 0.004802 0.004802 0.004802 0.004802 0.004802 0.004802 282.750000 
0.004802 0.004802 0.004802 0.004802 0.004802 0.004802 0.004802 0.004802 0.004802 0.004802 0.004802 283.500000 
0.004802 0.004802 0.004802 0.004802 0.004802 0.004802 0.004802 0.004802 0.004802 0.004802 0.004802 284.250000 
0.004802 0.004802 0.004802 0.004802 0.004802 0.004802 0.004802 0.004802 0.004802 0.004802 0.004802 285.000000 
0.004802 0.004802 0.004802 0.004802 0.004802 0.004802 0.004802 0.004802 0.004802 0.004802 0.004802 285.750000 
0.004802 0.004802 0.004802 0.004802 0.004802 0.004802 0.004802 0.004802 0.004802 0.004802 0.004802 286.500000 
0.004802 0.004802 0.004802 0.004802 0.004802 0.004802 0.004802 0.004802 0.004802 0.004802 0.004802 287.250000 
0.004802 0.004802 0.004802 0.004802 0.004802 0.004802 0.004802 0.004802 0.004802 0.004802 0.004802 288.000000 
0.004802 0.004802 0.004802 0.004802 0.004802 0.004802 0.004802 0.004802 0.004802 0.004802 0.004802 288.750000 
0.004802 0.004802 0.004802 0.004802 0.004802 0.004802 0.004802 0.004802 0.004802 0.004802 0.004802 289.500000 
0.004802 0.004802 0.004802 0.004802 0.004802 0.004802 0.004802 0.004802 0.004802 0.004802 0.004802 290.250000 
0.004802 0.004802 0.004802 0.004802 0.004802 0.004802 0.004802 0.004802 0.004802 0.004802 0.004802 291.000000 
0.004802 0.004802 0.004802 0.004802 0.004802 0.004802 0.004802 0.004802 0.004802 0.004802 0.004802 291.750000 
0.004802 0.004802 0.004802 0.004802 0.004802 0.004802 0.004802 0.004802 0.004802 0.004802 0.004802 292.500000 
0.004802 0.004802 0.004802 0.004802 0.004802 0.004802 0.004802 0.004802 0.004802 0.004802 0.004802 293.250000 
0.004802 0.004802 0.004802 0.004802 0.004802 0.004802 0.004802 0.004802 0.004802 0.004802 0.004802 294.000000 
0.004802 0.004802 0.004802 0.004802 0.004802 0.004802 0.004802 0.004802 0.004802 0.004802 0.004802 294.750000 
0.004802 0.004802 0.004802 0.004802 0.004802 0.004802 0.004802 0.004802 0.004802 0.004802 0.004802 295.500000 
0.004802 0.004802 0.004802 0.004802 0.004802 0.004802 0.004802 0.004802 0.004802 0.004802 0.004802 296.250000 
0.004802 0.004802 0.004802 0.004802 0.004802 0.004802 0.004802 0.004802 0.004802 0.004802 0.004802 297.000000 
0.004802 0.004802 0.004802 0.004802 0.004802 0.004802 0.004802 0.004802 0.004802 0.004802 0.004802 297.750000 
0.004802 0.004802 0.004802 0.004802 0.004802 0.004802 0.004802 0.004802 0.004802 0.004802 0.004802 298.500000 
0.004802 0.004802 0.004802 0.004802 0.004802 0.004802 0.004802 0.004802 0.004802 0.004802 0.004802 299.250000 
0.004802 0.004802 0.004802 0.004802 0.004802 0.004802 0.004802 0.004802 0.004802 0.004802 0.004802 300.000000 
