0.000000 0.031447 0.062759 0.094073 0.125389 0.156706 0.188023 0.219341 0.250659 0.281977 0.313300 0.000000 
0.000000 0.031454 0.062766 0.094081 0.125397 0.156713 0.188030 0.219348 0.250666 0.281985 0.313308 0.750000 
0.000000 0.031476 0.062788 0.094103 0.125418 0.156735 0.188052 0.219370 0.250688 0.282007 0.313330 1.500000 
0.000000 0.031511 0.062823 0.094138 0.125454 0.156770 0.188087 0.219405 0.250723 0.282042 0.313367 2.250000 
0.000000 0.031558 0.062870 0.094185 0.125501 0.156817 0.188134 0.219452 0.250770 0.282089 0.313415 3.000000 
0.000000 0.031615 0.062927 0.094241 0.125557 0.156874 0.188191 0.219509 0.250827 0.282146 0.313474 3.750000 
0.000000 0.031679 0.062991 0.094306 0.125622 0.156938 0.188256 0.219573 0.250891 0.282210 0.313540 4.500000 
0.000000 0.031749 0.063061 0.094375 0.125691 0.157008 0.188325 0.219643 0.250961 0.282280 0.313612 5.250000 
0.000000 0.031821 0.063133 0.094448 0.125764 0.157080 0.188397 0.219715 0.251033 0.282352 0.313687 6.000000 
0.000000 0.031894 0.063206 0.094521 0.125837 0.157153 0.188470 0.219788 0.251106 0.282425 0.313762 6.750000 
0.000000 0.031966 0.063278 0.094592 0.125908 0.157225 0.188542 0.219860 0.251178 0.282497 0.313836 7.500000 
0.000000 0.032035 0.063347 0.094661 0.125977 0.157294 0.188611 0.219929 0.251247 0.282566 0.313908 8.250000 
0.000000 0.032100 0.063412 0.094727 0.126043 0.157359 0.188676 0.219994 0.251312 0.282633 0.313976 9.000000 
0.000000 0.032161 0.063473 0.094788 0.126104 0.157420 0.188737 0.220055 0.251373 0.282695 0.314040 9.750000 
0.000000 0.032217 0.063529 0.094844 0.126160 0.157477 0.188794 0.220111 0.251430 0.282754 0.314099 10.500000 
0.000000 0.032269 0.063581 0.094896 0.126212 0.157529 0.188846 0.220163 0.251482 0.282810 0.314154 11.250000 
0.000000 0.032317 0.063629 0.094944 0.126260 0.157576 0.188893 0.220211 0.251530 0.282862 0.314205 12.000000 
0.000000 0.032360 0.063673 0.094987 0.126303 0.157620 0.188937 0.220255 0.251575 0.282912 0.314252 12.750000 
0.000000 0.032401 0.063713 0.095028 0.126344 0.157660 0.188977 0.220295 0.251618 0.282958 0.314295 13.500000 
0.000000 0.032438 0.063750 0.095065 0.126381 0.157697 0.189014 0.220333 0.251658 0.283002 0.314335 14.250000 
0.000000 0.032472 0.063784 0.095099 0.126415 0.157732 0.189049 0.220368 0.251698 0.283043 0.314373 15.000000 
0.000000 0.032504 0.063816 0.095131 0.126447 0.157764 0.189081 0.220402 0.251736 0.283080 0.314408 15.750000 
0.000000 0.032534 0.063846 0.095161 0.126477 0.157794 0.189112 0.220436 0.251774 0.283116 0.314441 16.500000 
0.000000 0.032563 0.063875 0.095190 0.126506 0.157823 0.189142 0.220469 0.251811 0.283149 0.314473 17.250000 
0.000000 0.032590 0.063902 0.095217 0.126533 0.157850 0.189172 0.220504 0.251847 0.283180 0.314503 18.000000 
0.000000 0.032616 0.063928 0.095243 0.126560 0.157878 0.189202 0.220539 0.251881 0.283211 0.314533 18.750000 
0.000000 0.032643 0.063955 0.095270 0.126587 0.157906 0.189234 0.220575 0.251915 0.283241 0.314562 19.500000 
0.000000 0.032670 0.063982 0.095297 0.126615 0.157937 0.189270 0.220612 0.251948 0.283272 0.314593 20.250000 
0.000000 0.032699 0.064011 0.095327 0.126646 0.157972 0.189309 0.220651 0.251983 0.283306 0.314625 21.000000 
0.000001 0.032732 0.064045 0.095362 0.126683 0.158014 0.189354 0.220693 0.252021 0.283343 0.314662 21.750000 
0.000002 0.032772 0.064086 0.095404 0.126729 0.158064 0.189405 0.220741 0.252066 0.283387 0.314705 22.500000 
0.000007 0.032819 0.064133 0.095454 0.126784 0.158123 0.189463 0.220794 0.252117 0.283438 0.314755 23.250000 
0.000019 0.032864 0.064181 0.095506 0.126840 0.158181 0.189518 0.220845 0.252167 0.283486 0.314803 24.000000 
0.000046 0.032884 0.064204 0.095534 0.126872 0.158212 0.189545 0.220870 0.252190 0.283509 0.314825 24.750000 
0.000097 0.032841 0.064166 0.095501 0.126841 0.158179 0.189508 0.220830 0.252150 0.283468 0.314783 25.500000 
0.000175 0.032709 0.064040 0.095379 0.126718 0.158052 0.189377 0.220698 0.252018 0.283335 0.314650 26.250000 
0.000263 0.032497 0.063834 0.095174 0.126512 0.157841 0.189164 0.220484 0.251803 0.283120 0.314433 27.000000 
0.000326 0.032250 0.063591 0.094930 0.126264 0.157590 0.188911 0.220230 0.251548 0.282865 0.314177 27.750000 
0.000333 0.032018 0.063361 0.094698 0.126027 0.157350 0.188670 0.219989 0.251306 0.282622 0.313934 28.500000 
0.000299 0.031852 0.063193 0.094526 0.125852 0.157173 0.188492 0.219810 0.251127 0.282442 0.313753 29.250000 
0.000278 0.031792 0.063129 0.094458 0.125781 0.157100 0.188419 0.219736 0.251052 0.282367 0.313678 30.000000 
0.000299 0.031855 0.063188 0.094512 0.125833 0.157152 0.188469 0.219786 0.251102 0.282416 0.313726 30.750000 
0.000333 0.032027 0.063354 0.094676 0.125995 0.157313 0.188630 0.219947 0.251262 0.282575 0.313884 31.500000 
0.000325 0.032269 0.063593 0.094912 0.126230 0.157548 0.188865 0.220180 0.251495 0.282807 0.314116 32.250000 
0.000263 0.032536 0.063856 0.095174 0.126492 0.157809 0.189125 0.220440 0.251754 0.283066 0.314374 33.000000 
0.000174 0.032774 0.064092 0.095409 0.126726 0.158043 0.189358 0.220673 0.251986 0.283297 0.314604 33.750000 
0.000097 0.032935 0.064252 0.095568 0.126885 0.158200 0.189515 0.220829 0.252142 0.283453 0.314759 34.500000 
0.000046 0.033004 0.064319 0.095635 0.126951 0.158266 0.189581 0.220894 0.252206 0.283516 0.314821 35.250000 
0.000019 0.033005 0.064320 0.095635 0.126950 0.158265 0.189579 0.220892 0.252203 0.283512 0.314817 36.000000 
0.000007 0.032978 0.064292 0.095607 0.126921 0.158235 0.189549 0.220861 0.252172 0.283480 0.314784 36.750000 
0.000002 0.032947 0.064261 0.095575 0.126889 0.158203 0.189515 0.220827 0.252137 0.283445 0.314748 37.500000 
0.000001 0.032923 0.064236 0.095549 0.126863 0.158176 0.189488 0.220799 0.252109 0.283416 0.314718 38.250000 
0.000000 0.032905 0.064217 0.095530 0.126843 0.158156 0.189467 0.220778 0.252086 0.283393 0.314694 39.000000 
0.000000 0.032891 0.064203 0.095516 0.126828 0.158140 0.189451 0.220761 0.252069 0.283374 0.314675 39.750000 
0.000000 0.032881 0.064192 0.095503 0.126815 0.158127 0.189437 0.220746 0.252054 0.283359 0.314659 40.500000 
0.000000 0.032871 0.064181 0.095493 0.126804 0.158115 0.189425 0.220733 0.252040 0.283344 0.314643 41.250000 
0.000000 0.032862 0.064172 0.095483 0.126793 0.158104 0.189413 0.220721 0.252027 0.283330 0.314628 42.000000 
0.000000 0.032854 0.064163 0.095473 0.126783 0.158092 0.189401 0.220708 0.252014 0.283316 0.314614 42.750000 
0.000000 0.032845 0.064153 0.095463 0.126772 0.158081 0.189389 0.220696 0.252000 0.283302 0.314599 43.500000 
0.000000 0.032836 0.064144 0.095453 0.126761 0.158070 0.189377 0.220683 0.251987 0.283288 0.314584 44.250000 
0.000000 0.032827 0.064134 0.095442 0.126750 0.158058 0.189364 0.220670 0.251973 0.283273 0.314568 45.000000 
0.000000 0.032817 0.064123 0.095431 0.126738 0.158045 0.189351 0.220656 0.251959 0.283258 0.314552 45.750000 
0.000000 0.032807 0.064112 0.095419 0.126726 0.158033 0.189338 0.220642 0.251944 0.283242 0.314535 46.500000 
0.000000 0.032796 0.064101 0.095407 0.126713 0.158019 0.189324 0.220627 0.251928 0.283226 0.314518 47.250000 
0.000000 0.032785 0.064089 0.095394 0.126700 0.158005 0.189309 0.220611 0.251912 0.283209 0.314500 48.000000 
0.000000 0.032773 0.064076 0.095381 0.126686 0.157990 0.189294 0.220595 0.251895 0.283191 0.314482 48.750000 
0.000000 0.032760 0.064063 0.095367 0.126671 0.157975 0.189277 0.220578 0.251877 0.283173 0.314462 49.500000 
0.000000 0.032747 0.064049 0.095352 0.126656 0.157959 0.189261 0.220561 0.251859 0.283154 0.314442 50.250000 
0.000000 0.032733 0.064034 0.095337 0.126640 0.157942 0.189243 0.220543 0.251840 0.283134 0.314421 51.000000 
0.000000 0.032719 0.064019 0.095321 0.126623 0.157925 0.189225 0.220524 0.251820 0.283113 0.314400 51.750000 
0.000000 0.032703 0.064003 0.095304 0.126606 0.157906 0.189206 0.220504 0.251800 0.283092 0.314377 52.500000 
0.000000 0.032687 0.063986 0.095286 0.126587 0.157888 0.189187 0.220484 0.251778 0.283070 0.314354 53.250000 
0.000000 0.032671 0.063968 0.095268 0.126568 0.157868 0.189166 0.220462 0.251756 0.283047 0.314330 54.000000 
0.000000 0.032653 0.063950 0.095249 0.126549 0.157847 0.189145 0.220440 0.251733 0.283023 0.314305 54.750000 
0.000000 0.032635 0.063931 0.095229 0.126528 0.157826 0.189123 0.220417 0.251710 0.282998 0.314279 55.500000 
0.000000 0.032616 0.063911 0.095209 0.126507 0.157804 0.189100 0.220394 0.251685 0.282972 0.314253 56.250000 
0.000000 0.032597 0.063891 0.095187 0.126485 0.157781 0.189076 0.220369 0.251660 0.282946 0.314225 57.000000 
0.000000 0.032576 0.063869 0.095165 0.126462 0.157757 0.189051 0.220344 0.251633 0.282919 0.314196 57.750000 
0.000000 0.032555 0.063847 0.095142 0.126438 0.157733 0.189026 0.220317 0.251606 0.282890 0.314167 58.500000 
0.000000 0.032533 0.063824 0.095118 0.126413 0.157707 0.189000 0.220290 0.251578 0.282861 0.314137 59.250000 
0.000000 0.032510 0.063800 0.095093 0.126387 0.157680 0.188972 0.220262 0.251548 0.282831 0.314105 60.000000 
0.000000 0.032486 0.063775 0.095068 0.126361 0.157653 0.188944 0.220233 0.251518 0.282800 0.314073 60.750000 
0.000000 0.032461 0.063749 0.095041 0.126333 0.157625 0.188915 0.220202 0.251487 0.282767 0.314039 61.500000 
0.000000 0.032435 0.063722 0.095013 0.126305 0.157595 0.188884 0.220171 0.251455 0.282734 0.314005 62.250000 
0.000000 0.032409 0.063695 0.094985 0.126275 0.157565 0.188853 0.220139 0.251421 0.282700 0.313969 63.000000 
0.000000 0.032381 0.063666 0.094955 0.126245 0.157533 0.188821 0.220106 0.251387 0.282664 0.313932 63.750000 
0.000000 0.032352 0.063636 0.094924 0.126213 0.157501 0.188787 0.220071 0.251352 0.282627 0.313894 64.500000 
0.000000 0.032323 0.063606 0.094893 0.126180 0.157467 0.188753 0.220036 0.251315 0.282590 0.313855 65.250000 
0.000000 0.032292 0.063574 0.094860 0.126147 0.157433 0.188717 0.219999 0.251277 0.282551 0.313815 66.000000 
0.000000 0.032260 0.063541 0.094826 0.126112 0.157397 0.188680 0.219961 0.251238 0.282510 0.313773 66.750000 
0.000000 0.032227 0.063507 0.094791 0.126076 0.157360 0.188642 0.219922 0.251198 0.282469 0.313730 67.500000 
0.000000 0.032193 0.063471 0.094755 0.126038 0.157322 0.188603 0.219882 0.251157 0.282426 0.313686 68.250000 
0.000000 0.032158 0.063435 0.094717 0.126000 0.157282 0.188562 0.219840 0.251114 0.282382 0.313640 69.000000 
0.000000 0.032121 0.063397 0.094678 0.125960 0.157241 0.188520 0.219797 0.251070 0.282337 0.313593 69.750000 
0.000000 0.032083 0.063358 0.094638 0.125919 0.157199 0.188477 0.219753 0.251024 0.282290 0.313545 70.500000 
0.000000 0.032044 0.063318 0.094597 0.125877 0.157156 0.188433 0.219707 0.250977 0.282241 0.313495 71.250000 
0.000000 0.032004 0.063276 0.094554 0.125833 0.157111 0.188386 0.219659 0.250928 0.282191 0.313444 72.000000 
0.000000 0.031962 0.063233 0.094510 0.125787 0.157064 0.188339 0.219611 0.250878 0.282140 0.313390 72.750000 
0.000000 0.031919 0.063189 0.094464 0.125740 0.157016 0.188290 0.219560 0.250827 0.282087 0.313336 73.500000 
0.000000 0.031874 0.063142 0.094417 0.125692 0.156967 0.188239 0.219508 0.250773 0.282032 0.313279 74.250000 
0.000000 0.031828 0.063095 0.094368 0.125642 0.156915 0.188186 0.219454 0.250718 0.281975 0.313221 75.000000 
0.000000 0.031780 0.063045 0.094317 0.125590 0.156862 0.188132 0.219399 0.250661 0.281917 0.313161 75.750000 
0.000000 0.031730 0.062994 0.094265 0.125537 0.156808 0.188076 0.219342 0.250603 0.281857 0.313099 76.500000 
0.000000 0.031679 0.062941 0.094211 0.125481 0.156751 0.188018 0.219282 0.250542 0.281795 0.313035 77.250000 
0.000000 0.031625 0.062887 0.094155 0.125424 0.156692 0.187959 0.219221 0.250479 0.281730 0.312969 78.000000 
0.000000 0.031570 0.062830 0.094097 0.125365 0.156632 0.187897 0.219158 0.250415 0.281664 0.312901 78.750000 
0.000000 0.031513 0.062771 0.094037 0.125303 0.156569 0.187833 0.219093 0.250348 0.281596 0.312831 79.500000 
0.000000 0.031454 0.062710 0.093974 0.125240 0.156505 0.187767 0.219025 0.250279 0.281525 0.312758 80.250000 
0.000000 0.031392 0.062648 0.093910 0.125174 0.156438 0.187698 0.218955 0.250207 0.281452 0.312683 81.000000 
0.000000 0.031329 0.062582 0.093844 0.125107 0.156368 0.187628 0.218883 0.250134 0.281376 0.312605 81.750000 
0.000000 0.031263 0.062515 0.093775 0.125036 0.156297 0.187555 0.218809 0.250057 0.281298 0.312525 82.500000 
0.000000 0.031195 0.062445 0.093703 0.124964 0.156223 0.187479 0.218732 0.249979 0.281218 0.312443 83.250000 
0.000000 0.031124 0.062373 0.093630 0.124888 0.156146 0.187401 0.218652 0.249897 0.281135 0.312358 84.000000 
0.000000 0.031051 0.062298 0.093553 0.124810 0.156066 0.187320 0.218569 0.249813 0.281048 0.312269 84.750000 
0.000000 0.030975 0.062220 0.093474 0.124730 0.155984 0.187236 0.218484 0.249726 0.280960 0.312178 85.500000 
0.000000 0.030896 0.062140 0.093392 0.124646 0.155899 0.187150 0.218396 0.249636 0.280868 0.312084 86.250000 
0.000000 0.030815 0.062057 0.093307 0.124560 0.155811 0.187060 0.218305 0.249543 0.280773 0.311987 87.000000 
0.000000 0.030730 0.061970 0.093219 0.124470 0.155720 0.186968 0.218210 0.249447 0.280675 0.311887 87.750000 
0.000000 0.030643 0.061881 0.093128 0.124378 0.155626 0.186872 0.218113 0.249347 0.280573 0.311783 88.500000 
0.000000 0.030552 0.061789 0.093034 0.124282 0.155529 0.186773 0.218012 0.249245 0.280469 0.311676 89.250000 
0.000000 0.030458 0.061693 0.092937 0.124183 0.155428 0.186670 0.217908 0.249139 0.280360 0.311566 90.000000 
0.000000 0.030361 0.061594 0.092836 0.124081 0.155324 0.186565 0.217800 0.249029 0.280249 0.311452 90.750000 
0.000000 0.030260 0.061492 0.092732 0.123975 0.155217 0.186455 0.217689 0.248916 0.280133 0.311334 91.500000 
0.000000 0.030156 0.061386 0.092625 0.123866 0.155106 0.186342 0.217574 0.248799 0.280014 0.311213 92.250000 
0.000000 0.030048 0.061277 0.092513 0.123753 0.154991 0.186226 0.217455 0.248678 0.279892 0.311088 93.000000 
0.000000 0.029937 0.061164 0.092398 0.123636 0.154872 0.186105 0.217333 0.248554 0.279765 0.310959 93.750000 
0.000000 0.029822 0.061047 0.092280 0.123515 0.154750 0.185981 0.217207 0.248426 0.279634 0.310826 94.500000 
0.000000 0.029703 0.060926 0.092157 0.123391 0.154623 0.185853 0.217076 0.248293 0.279500 0.310689 95.250000 
0.000000 0.029580 0.060801 0.092030 0.123262 0.154493 0.185720 0.216942 0.248157 0.279361 0.310548 96.000000 
0.000000 0.029453 0.060673 0.091900 0.123130 0.154359 0.185584 0.216803 0.248016 0.279218 0.310403 96.750000 
0.000000 0.029322 0.060540 0.091765 0.122993 0.154220 0.185443 0.216661 0.247871 0.279071 0.310253 97.500000 
0.000000 0.029186 0.060403 0.091626 0.122852 0.154077 0.185298 0.216514 0.247722 0.278919 0.310099 98.250000 
0.000000 0.029046 0.060262 0.091483 0.122707 0.153930 0.185149 0.216362 0.247568 0.278763 0.309941 99.000000 
0.000000 0.028902 0.060116 0.091336 0.122558 0.153778 0.184995 0.216206 0.247410 0.278603 0.309779 99.750000 
0.000000 0.028754 0.059966 0.091184 0.122404 0.153622 0.184837 0.216046 0.247247 0.278438 0.309612 100.500000 
0.000000 0.028600 0.059812 0.091027 0.122245 0.153462 0.184674 0.215881 0.247080 0.278268 0.309440 101.250000 
0.000000 0.028443 0.059653 0.090866 0.122082 0.153297 0.184507 0.215712 0.246908 0.278094 0.309264 102.000000 
0.000000 0.028280 0.059490 0.090701 0.121915 0.153127 0.184335 0.215537 0.246732 0.277915 0.309084 102.750000 
0.000000 0.028113 0.059322 0.090531 0.121743 0.152953 0.184159 0.215359 0.246551 0.277732 0.308899 103.500000 
0.000000 0.027940 0.059149 0.090356 0.121566 0.152773 0.183977 0.215175 0.246365 0.277544 0.308710 104.250000 
0.000000 0.027763 0.058972 0.090177 0.121384 0.152590 0.183791 0.214986 0.246174 0.277351 0.308516 105.000000 
0.000000 0.027580 0.058790 0.089993 0.121197 0.152401 0.183600 0.214793 0.245979 0.277154 0.308318 105.750000 
0.000000 0.027393 0.058603 0.089803 0.121006 0.152207 0.183404 0.214595 0.245778 0.276952 0.308115 106.500000 
0.000000 0.027200 0.058411 0.089609 0.120810 0.152009 0.183204 0.214392 0.245573 0.276745 0.307908 107.250000 
0.000000 0.027001 0.058214 0.089410 0.120609 0.151806 0.182998 0.214184 0.245363 0.276533 0.307696 108.000000 
0.000000 0.026797 0.058012 0.089207 0.120403 0.151597 0.182787 0.213971 0.245148 0.276317 0.307481 108.750000 
0.000000 0.026587 0.057805 0.088998 0.120192 0.151384 0.182572 0.213754 0.244929 0.276096 0.307261 109.500000 
0.000000 0.026371 0.057593 0.088784 0.119976 0.151165 0.182351 0.213531 0.244704 0.275870 0.307038 110.250000 
0.000000 0.026149 0.057375 0.088565 0.119754 0.150942 0.182126 0.213303 0.244475 0.275640 0.306811 111.000000 
0.000000 0.025920 0.057153 0.088340 0.119528 0.150714 0.181895 0.213071 0.244240 0.275406 0.306580 111.750000 
0.000000 0.025684 0.056925 0.088111 0.119297 0.150480 0.181659 0.212833 0.244002 0.275167 0.306346 112.500000 
0.000000 0.025442 0.056692 0.087877 0.119060 0.150241 0.181419 0.212591 0.243758 0.274923 0.306109 113.250000 
0.000000 0.025192 0.056453 0.087637 0.118818 0.149998 0.181173 0.212343 0.243510 0.274676 0.305870 114.000000 
0.000000 0.024935 0.056209 0.087392 0.118571 0.149749 0.180922 0.212091 0.243257 0.274425 0.305628 114.750000 
0.000000 0.024669 0.055960 0.087141 0.118319 0.149495 0.180667 0.211834 0.243000 0.274170 0.305386 115.500000 
0.000000 0.024394 0.055705 0.086886 0.118062 0.149236 0.180406 0.211573 0.242738 0.273911 0.305142 116.250000 
0.000000 0.024109 0.055444 0.086625 0.117800 0.148972 0.180141 0.211307 0.242473 0.273650 0.304898 117.000000 
0.000000 0.023815 0.055177 0.086358 0.117532 0.148703 0.179870 0.211036 0.242203 0.273385 0.304655 117.750000 
0.000000 0.023509 0.054905 0.086087 0.117259 0.148429 0.179595 0.210761 0.241930 0.273118 0.304415 118.500000 
0.000000 0.023191 0.054627 0.085809 0.116981 0.148150 0.179316 0.210481 0.241653 0.272850 0.304177 119.250000 
0.000000 0.022860 0.054342 0.085527 0.116698 0.147866 0.179032 0.210198 0.241373 0.272580 0.303945 120.000000 
0.000000 0.022515 0.054052 0.085239 0.116410 0.147577 0.178743 0.209911 0.241090 0.272309 0.303719 120.750000 
0.000000 0.022154 0.053755 0.084945 0.116117 0.147284 0.178451 0.209620 0.240805 0.272039 0.303501 121.500000 
0.000000 0.021777 0.053452 0.084647 0.115819 0.146986 0.178154 0.209327 0.240518 0.271770 0.303295 122.250000 
0.000000 0.021381 0.053143 0.084342 0.115516 0.146684 0.177853 0.209030 0.240230 0.271505 0.303102 123.000000 
0.000000 0.020965 0.052826 0.084033 0.115208 0.146378 0.177550 0.208731 0.239942 0.271243 0.302926 123.750000 
0.000000 0.020529 0.052503 0.083718 0.114895 0.146068 0.177243 0.208430 0.239655 0.270987 0.302770 124.500000 
0.000000 0.020070 0.052173 0.083397 0.114579 0.145754 0.176933 0.208129 0.239369 0.270739 0.302638 125.250000 
0.000000 0.019588 0.051835 0.083072 0.114257 0.145436 0.176621 0.207827 0.239086 0.270501 0.302533 126.000000 
0.000000 0.019082 0.051489 0.082741 0.113932 0.145116 0.176308 0.207525 0.238808 0.270277 0.302460 126.750000 
0.000000 0.018550 0.051135 0.082404 0.113603 0.144793 0.175994 0.207226 0.238536 0.270068 0.302424 127.500000 
0.000000 0.017992 0.050772 0.082063 0.113270 0.144469 0.175680 0.206929 0.238273 0.269880 0.302428 128.250000 
0.000000 0.017409 0.050399 0.081716 0.112934 0.144143 0.175367 0.206637 0.238021 0.269716 0.302478 129.000000 
0.000000 0.016801 0.050016 0.081364 0.112596 0.143816 0.175056 0.206351 0.237784 0.269581 0.302578 129.750000 
0.000000 0.016168 0.049622 0.081007 0.112255 0.143489 0.174748 0.206075 0.237563 0.269480 0.302732 130.500000 
0.000000 0.015513 0.049215 0.080644 0.111911 0.143164 0.174445 0.205809 0.237365 0.269418 0.302945 131.250000 
0.000000 0.014837 0.048795 0.080276 0.111567 0.142840 0.174150 0.205557 0.237192 0.269403 0.303219 132.000000 
0.000000 0.014143 0.048359 0.079902 0.111221 0.142520 0.173863 0.205322 0.237050 0.269440 0.303556 132.750000 
0.000000 0.013434 0.047906 0.079523 0.110875 0.142205 0.173587 0.205108 0.236945 0.269535 0.303957 133.500000 
0.000000 0.012714 0.047433 0.079136 0.110529 0.141896 0.173326 0.204919 0.236882 0.269696 0.304422 134.250000 
0.000000 0.011987 0.046939 0.078743 0.110184 0.141595 0.173080 0.204760 0.236867 0.269928 0.304949 135.000000 
0.000000 0.011257 0.046420 0.078341 0.109840 0.141303 0.172855 0.204635 0.236907 0.270238 0.305532 135.750000 
0.000000 0.010529 0.045873 0.077931 0.109496 0.141022 0.172653 0.204550 0.237009 0.270629 0.306167 136.500000 
0.000000 0.009808 0.045296 0.077509 0.109155 0.140753 0.172476 0.204509 0.237179 0.271105 0.306842 137.250000 
0.000000 0.009099 0.044684 0.077074 0.108814 0.140499 0.172330 0.204517 0.237422 0.271667 0.307548 138.000000 
0.000000 0.008405 0.044033 0.076624 0.108473 0.140260 0.172216 0.204580 0.237743 0.272313 0.308268 138.750000 
0.000000 0.007731 0.043340 0.076156 0.108132 0.140037 0.172137 0.204701 0.238143 0.273038 0.308984 139.500000 
0.000000 0.007081 0.042601 0.075665 0.107788 0.139829 0.172095 0.204883 0.238625 0.273833 0.309676 140.250000 
0.000000 0.006458 0.041811 0.075147 0.107439 0.139637 0.172090 0.205125 0.239183 0.274684 0.310318 141.000000 
0.000000 0.005866 0.040967 0.074598 0.107081 0.139458 0.172122 0.205428 0.239813 0.275573 0.310882 141.750000 
0.000000 0.005305 0.040065 0.074010 0.106708 0.139288 0.172187 0.205786 0.240502 0.276474 0.311336 142.500000 
0.000000 0.004779 0.039103 0.073377 0.106315 0.139122 0.172280 0.206190 0.241234 0.277358 0.311644 143.250000 
0.000000 0.004288 0.038079 0.072691 0.105895 0.138952 0.172393 0.206627 0.241986 0.278187 0.311767 144.000000 
0.000000 0.003832 0.036991 0.071944 0.105436 0.138768 0.172512 0.207080 0.242727 0.278916 0.311661 144.750000 
0.000000 0.003412 0.035840 0.071128 0.104929 0.138558 0.172622 0.207524 0.243422 0.279497 0.311282 145.500000 
0.000000 0.003026 0.034626 0.070231 0.104360 0.138306 0.172702 0.207930 0.244026 0.279872 0.310581 146.250000 
0.000000 0.002675 0.033352 0.069247 0.103716 0.137992 0.172726 0.208260 0.244489 0.279982 0.309506 147.000000 
0.000000 0.002356 0.032021 0.068163 0.102978 0.137595 0.172664 0.208473 0.244752 0.279761 0.308005 147.750000 
0.000000 0.002068 0.030639 0.066974 0.102131 0.137089 0.172480 0.208518 0.244753 0.279142 0.306025 148.500000 
0.000000 0.001810 0.029213 0.065669 0.101157 0.136447 0.172135 0.208344 0.244426 0.278057 0.303516 149.250000 
0.000000 0.001579 0.027749 0.064242 0.100036 0.135639 0.171587 0.207891 0.243700 0.276440 0.300426 150.000000 
0.000000 0.001373 0.026258 0.062689 0.098750 0.134635 0.170791 0.207101 0.242508 0.274226 0.296710 150.750000 
0.000000 0.001191 0.024748 0.061007 0.097281 0.133402 0.169699 0.205913 0.240782 0.271358 0.292327 151.500000 
0.000000 0.001030 0.023231 0.059194 0.095616 0.131911 0.168268 0.204270 0.238462 0.267787 0.287246 152.250000 
0.000000 0.000889 0.021716 0.057253 0.093739 0.130134 0.166455 0.202118 0.235494 0.263474 0.281442 153.000000 
0.000000 0.000765 0.020215 0.055190 0.091641 0.128045 0.164220 0.199410 0.231835 0.258393 0.274905 153.750000 
0.000000 0.000657 0.018737 0.053011 0.089317 0.125624 0.161532 0.196111 0.227457 0.252532 0.267633 154.500000 
0.000000 0.000563 0.017294 0.050728 0.086764 0.122858 0.158367 0.192194 0.222343 0.245895 0.259642 155.250000 
0.000000 0.000482 0.015894 0.048354 0.083988 0.119739 0.154712 0.187649 0.216497 0.238502 0.250960 156.000000 
0.000000 0.000411 0.014545 0.045905 0.080997 0.116269 0.150565 0.182478 0.209937 0.230390 0.241631 156.750000 
0.000000 0.000350 0.013255 0.043399 0.077806 0.112458 0.145936 0.176701 0.202698 0.221613 0.231713 157.500000 
0.000000 0.000298 0.012029 0.040855 0.074434 0.108323 0.140845 0.170351 0.194834 0.212239 0.221277 158.250000 
0.000000 0.000253 0.010872 0.038293 0.070905 0.103891 0.135327 0.163477 0.186413 0.202350 0.210406 159.000000 
0.000000 0.000215 0.009787 0.035735 0.067249 0.099196 0.129427 0.156140 0.177514 0.192038 0.199192 159.750000 
0.000000 0.000182 0.008775 0.033201 0.063495 0.094280 0.123200 0.148415 0.168229 0.181404 0.187734 160.500000 
0.000000 0.000154 0.007839 0.030709 0.059678 0.089188 0.116706 0.140381 0.158657 0.170555 0.176136 161.250000 
0.000000 0.000130 0.006976 0.028279 0.055833 0.083970 0.110015 0.132126 0.148899 0.159597 0.164503 162.000000 
0.000000 0.000109 0.006186 0.025928 0.051994 0.078678 0.103198 0.123739 0.139059 0.148638 0.152936 162.750000 
0.000000 0.000092 0.005466 0.023668 0.048195 0.073366 0.096326 0.115312 0.129238 0.137781 0.141536 163.500000 
0.000000 0.000078 0.004815 0.021513 0.044468 0.068084 0.089470 0.106930 0.119531 0.127121 0.130391 164.250000 
0.000000 0.000065 0.004227 0.019473 0.040842 0.062881 0.082697 0.098675 0.110027 0.116745 0.119586 165.000000 
0.000000 0.000055 0.003699 0.017553 0.037342 0.057802 0.076070 0.090621 0.100804 0.106729 0.109192 165.750000 
0.000000 0.000046 0.003228 0.015760 0.033992 0.052887 0.069643 0.082833 0.091930 0.097139 0.099268 166.500000 
0.000000 0.000039 0.002809 0.014094 0.030808 0.048169 0.063464 0.075367 0.083462 0.088027 0.089862 167.250000 
0.000000 0.000032 0.002438 0.012558 0.027803 0.043678 0.057573 0.068267 0.075443 0.079431 0.081011 168.000000 
0.000000 0.000027 0.002111 0.011148 0.024989 0.039433 0.051999 0.061567 0.067906 0.071380 0.072737 168.750000 
0.000000 0.000023 0.001823 0.009861 0.022370 0.035452 0.046764 0.055291 0.060871 0.063889 0.065052 169.500000 
0.000000 0.000019 0.001570 0.008694 0.019948 0.031743 0.041884 0.049453 0.054349 0.056965 0.057960 170.250000 
0.000000 0.000016 0.001350 0.007640 0.017722 0.028310 0.037364 0.044059 0.048341 0.050602 0.051452 171.000000 
0.000000 0.000013 0.001158 0.006693 0.015688 0.025153 0.033205 0.039105 0.042840 0.044790 0.045515 171.750000 
0.000000 0.000011 0.000992 0.005846 0.013840 0.022268 0.029400 0.034584 0.037832 0.039510 0.040128 172.500000 
0.000000 0.000009 0.000848 0.005092 0.012169 0.019644 0.025941 0.030480 0.033297 0.034739 0.035264 173.250000 
0.000000 0.000008 0.000723 0.004423 0.010666 0.017273 0.022812 0.026775 0.029212 0.030448 0.030893 174.000000 
0.000000 0.000006 0.000616 0.003832 0.009321 0.015139 0.019996 0.023446 0.025550 0.026607 0.026985 174.750000 
0.000000 0.000005 0.000524 0.003312 0.008122 0.013229 0.017475 0.020470 0.022282 0.023185 0.023505 175.500000 
0.000000 0.000004 0.000445 0.002856 0.007058 0.011526 0.015227 0.017821 0.019378 0.020148 0.020419 176.250000 
0.000000 0.000004 0.000377 0.002457 0.006118 0.010016 0.013233 0.015473 0.016809 0.017464 0.017693 177.000000 
0.000000 0.000003 0.000320 0.002110 0.005290 0.008680 0.011469 0.013400 0.014544 0.015101 0.015294 177.750000 
0.000000 0.000003 0.000270 0.001808 0.004563 0.007505 0.009916 0.011577 0.012554 0.013027 0.013191 178.500000 
0.000000 0.000002 0.000228 0.001547 0.003927 0.006473 0.008554 0.009979 0.010813 0.011214 0.011352 179.250000 
0.000000 0.000002 0.000193 0.001321 0.003373 0.005571 0.007362 0.008583 0.009293 0.009633 0.009749 180.000000 
0.000000 0.000001 0.000163 0.001126 0.002892 0.004785 0.006323 0.007367 0.007971 0.008259 0.008356 180.750000 
0.000000 0.000001 0.000137 0.000958 0.002474 0.004101 0.005420 0.006312 0.006825 0.007068 0.007150 181.500000 
0.000000 0.000001 0.000115 0.000814 0.002113 0.003509 0.004638 0.005397 0.005833 0.006038 0.006107 182.250000 
0.000000 0.000001 0.000097 0.000691 0.001802 0.002997 0.003961 0.004608 0.004976 0.005149 0.005207 183.000000 
0.000000 0.000001 0.000081 0.000586 0.001534 0.002556 0.003378 0.003927 0.004239 0.004385 0.004434 183.750000 
0.000000 0.000001 0.000068 0.000496 0.001305 0.002176 0.002876 0.003342 0.003606 0.003729 0.003769 184.500000 
0.000000 0.000000 0.000057 0.000419 0.001107 0.001850 0.002445 0.002840 0.003063 0.003166 0.003200 185.250000 
0.000000 0.000000 0.000048 0.000354 0.000939 0.001570 0.002076 0.002410 0.002598 0.002685 0.002714 186.000000 
0.000000 0.000000 0.000040 0.000299 0.000795 0.001331 0.001760 0.002043 0.002201 0.002274 0.002298 186.750000 
0.000000 0.000000 0.000034 0.000252 0.000673 0.001127 0.001490 0.001729 0.001863 0.001924 0.001944 187.500000 
0.000000 0.000000 0.000028 0.000212 0.000568 0.000954 0.001261 0.001462 0.001575 0.001626 0.001643 188.250000 
0.000000 0.000000 0.000024 0.000179 0.000480 0.000806 0.001065 0.001235 0.001330 0.001373 0.001387 189.000000 
0.000000 0.000000 0.000020 0.000150 0.000405 0.000680 0.000899 0.001042 0.001122 0.001158 0.001170 189.750000 
0.000000 0.000000 0.000017 0.000126 0.000341 0.000574 0.000758 0.000879 0.000946 0.000976 0.000986 190.500000 
0.000000 0.000000 0.000014 0.000106 0.000287 0.000483 0.000639 0.000740 0.000796 0.000822 0.000830 191.250000 
0.000000 0.000000 0.000012 0.000089 0.000241 0.000407 0.000538 0.000623 0.000670 0.000691 0.000698 192.000000 
0.000000 0.000000 0.000010 0.000075 0.000203 0.000342 0.000452 0.000524 0.000563 0.000581 0.000587 192.750000 
0.000000 0.000000 0.000008 0.000062 0.000170 0.000288 0.000380 0.000440 0.000473 0.000488 0.000493 193.500000 
0.000000 0.000000 0.000007 0.000052 0.000143 0.000242 0.000319 0.000370 0.000397 0.000410 0.000414 194.250000 
0.000000 0.000000 0.000006 0.000044 0.000120 0.000203 0.000268 0.000310 0.000334 0.000344 0.000347 195.000000 
0.000000 0.000000 0.000005 0.000037 0.000101 0.000170 0.000225 0.000260 0.000280 0.000288 0.000291 195.750000 
0.000000 0.000000 0.000004 0.000031 0.000084 0.000143 0.000189 0.000218 0.000234 0.000242 0.000244 196.500000 
0.000000 0.000000 0.000003 0.000026 0.000071 0.000119 0.000158 0.000183 0.000196 0.000202 0.000204 197.250000 
0.000000 0.000000 0.000003 0.000021 0.000059 0.000100 0.000132 0.000153 0.000164 0.000170 0.000171 198.000000 
0.000000 0.000000 0.000002 0.000018 0.000049 0.000084 0.000111 0.000128 0.000138 0.000142 0.000143 198.750000 
0.000000 0.000000 0.000002 0.000015 0.000041 0.000070 0.000093 0.000107 0.000115 0.000119 0.000120 199.500000 
0.000000 0.000000 0.000002 0.000012 0.000035 0.000059 0.000078 0.000090 0.000096 0.000099 0.000100 200.250000 
0.000000 0.000000 0.000001 0.000010 0.000029 0.000049 0.000065 0.000075 0.000080 0.000083 0.000084 201.000000 
0.000000 0.000000 0.000001 0.000009 0.000024 0.000041 0.000054 0.000063 0.000067 0.000069 0.000070 201.750000 
0.000000 0.000000 0.000001 0.000007 0.000020 0.000034 0.000045 0.000052 0.000056 0.000058 0.000058 202.500000 
0.000000 0.000000 0.000001 0.000006 0.000017 0.000029 0.000038 0.000044 0.000047 0.000048 0.000049 203.250000 
0.000000 0.000000 0.000001 0.000005 0.000014 0.000024 0.000032 0.000037 0.000039 0.000040 0.000041 204.000000 
0.000000 0.000000 0.000001 0.000004 0.000012 0.000020 0.000026 0.000030 0.000033 0.000034 0.000034 204.750000 
0.000000 0.000000 0.000000 0.000003 0.000010 0.000017 0.000022 0.000025 0.000027 0.000028 0.000028 205.500000 
0.000000 0.000000 0.000000 0.000003 0.000008 0.000014 0.000018 0.000021 0.000023 0.000023 0.000024 206.250000 
0.000000 0.000000 0.000000 0.000002 0.000007 0.000012 0.000015 0.000018 0.000019 0.000020 0.000020 207.000000 
0.000000 0.000000 0.000000 0.000002 0.000006 0.000010 0.000013 0.000015 0.000016 0.000016 0.000016 207.750000 
0.000000 0.000000 0.000000 0.000002 0.000005 0.000008 0.000011 0.000012 0.000013 0.000014 0.000014 208.500000 
0.000000 0.000000 0.000000 0.000001 0.000004 0.000007 0.000009 0.000010 0.000011 0.000011 0.000011 209.250000 
0.000000 0.000000 0.000000 0.000001 0.000003 0.000006 0.000007 0.000009 0.000009 0.000009 0.000010 210.000000 
0.000000 0.000000 0.000000 0.000001 0.000003 0.000005 0.000006 0.000007 0.000008 0.000008 0.000008 210.750000 
0.000000 0.000000 0.000000 0.000001 0.000002 0.000004 0.000005 0.000006 0.000006 0.000007 0.000007 211.500000 
0.000000 0.000000 0.000000 0.000001 0.000002 0.000003 0.000004 0.000005 0.000005 0.000005 0.000005 212.250000 
0.000000 0.000000 0.000000 0.000001 0.000002 0.000003 0.000004 0.000004 0.000004 0.000005 0.000005 213.000000 
0.000000 0.000000 0.000000 0.000000 0.000001 0.000002 0.000003 0.000003 0.000004 0.000004 0.000004 213.750000 
0.000000 0.000000 0.000000 0.000000 0.000001 0.000002 0.000002 0.000003 0.000003 0.000003 0.000003 214.500000 
0.000000 0.000000 0.000000 0.000000 0.000001 0.000002 0.000002 0.000002 0.000003 0.000003 0.000003 215.250000 
0.000000 0.000000 0.000000 0.000000 0.000001 0.000001 0.000002 0.000002 0.000002 0.000002 0.000002 216.000000 
0.000000 0.000000 0.000000 0.000000 0.000001 0.000001 0.000001 0.000002 0.000002 0.000002 0.000002 216.750000 
0.000000 0.000000 0.000000 0.000000 0.000001 0.000001 0.000001 0.000001 0.000001 0.000002 0.000002 217.500000 
0.000000 0.000000 0.000000 0.000000 0.000000 0.000001 0.000001 0.000001 0.000001 0.000001 0.000001 218.250000 
0.000000 0.000000 0.000000 0.000000 0.000000 0.000001 0.000001 0.000001 0.000001 0.000001 0.000001 219.000000 
0.000000 0.000000 0.000000 0.000000 0.000000 0.000001 0.000001 0.000001 0.000001 0.000001 0.000001 219.750000 
0.000000 0.000000 0.000000 0.000000 0.000000 0.000000 0.000001 0.000001 0.000001 0.000001 0.000001 220.500000 
0.000000 0.000000 0.000000 0.000000 0.000000 0.000000 0.000000 0.000001 0.000001 0.000001 0.000001 221.250000 
0.000000 0.000000 0.000000 0.000000 0.000000 0.000000 0.000000 0.000000 0.000000 0.000001 0.000001 222.000000 
0.000000 0.000000 0.000000 0.000000 0.000000 0.000000 0.000000 0.000000 0.000000 0.000000 0.000000 222.750000 
0.000000 0.000000 0.000000 0.000000 0.000000 0.000000 0.000000 0.000000 0.000000 0.000000 0.000000 223.500000 
0.000000 0.000000 0.000000 0.000000 0.000000 0.000000 0.000000 0.000000 0.000000 0.000000 0.000000 224.250000 
0.000000 0.000000 0.000000 0.000000 0.000000 0.000000 0.000000 0.000000 0.000000 0.000000 0.000000 225.000000 
0.000000 0.000000 0.000000 0.000000 0.000000 0.000000 0.000000 0.000000 0.000000 0.000000 0.000000 225.750000 
0.000000 0.000000 0.000000 0.000000 0.000000 0.000000 0.000000 0.000000 0.000000 0.000000 0.000000 226.500000 
0.000000 0.000000 0.000000 0.000000 0.000000 0.000000 0.000000 0.000000 0.000000 0.000000 0.000000 227.250000 
0.000000 0.000000 0.000000 0.000000 0.000000 0.000000 0.000000 0.000000 0.000000 0.000000 0.000000 228.000000 
0.000000 0.000000 0.000000 0.000000 0.000000 0.000000 0.000000 0.000000 0.000000 0.000000 0.000000 228.750000 
0.000000 0.000000 0.000000 0.000000 0.000000 0.000000 0.000000 0.000000 0.000000 0.000000 0.000000 229.500000 
0.000000 0.000000 0.000000 0.000000 0.000000 0.000000 0.000000 0.000000 0.000000 0.000000 0.000000 230.250000 
0.000000 0.000000 0.000000 0.000000 0.000000 0.000000 0.000000 0.000000 0.000000 0.000000 0.000000 231.000000 
0.000000 0.000000 0.000000 0.000000 0.000000 0.000000 0.000000 0.000000 0.000000 0.000000 0.000000 231.750000 
0.000000 0.000000 0.000000 0.000000 0.000000 0.000000 0.000000 0.000000 0.000000 0.000000 0.000000 232.500000 
0.000000 0.000000 0.000000 0.000000 0.000000 0.000000 0.000000 0.000000 0.000000 0.000000 0.000000 233.250000 
0.000000 0.000000 0.000000 0.000000 0.000000 0.000000 0.000000 0.000000 0.000000 0.000000 0.000000 234.000000 
0.000000 0.000000 0.000000 0.000000 0.000000 0.000000 0.000000 0.000000 0.000000 0.000000 0.000000 234.750000 
0.000000 0.000000 0.000000 0.000000 0.000000 0.000000 0.000000 0.000000 0.000000 0.000000 0.000000 235.500000 
0.000000 0.000000 0.000000 0.000000 0.000000 0.000000 0.000000 0.000000 0.000000 0.000000 0.000000 236.250000 
0.000000 0.000000 0.000000 0.000000 0.000000 0.000000 0.000000 0.000000 0.000000 0.000000 0.000000 237.000000 
0.000000 0.000000 0.000000 0.000000 0.000000 0.000000 0.000000 0.000000 0.000000 0.000000 0.000000 237.750000 
0.000000 0.000000 0.000000 0.000000 0.000000 0.000000 0.000000 0.000000 0.000000 0.000000 0.000000 238.500000 
0.000000 0.000000 0.000000 0.000000 0.000000 0.000000 0.000000 0.000000 0.000000 0.000000 0.000000 239.250000 
0.000000 0.000000 0.000000 0.000000 0.000000 0.000000 0.000000 0.000000 0.000000 0.000000 0.000000 240.000000 
0.000000 0.000000 0.000000 0.000000 0.000000 0.000000 0.000000 0.000000 0.000000 0.000000 0.000000 240.750000 
0.000000 0.000000 0.000000 0.000000 0.000000 0.000000 0.000000 0.000000 0.000000 0.000000 0.000000 241.500000 
0.000000 0.000000 0.000000 0.000000 0.000000 0.000000 0.000000 0.000000 0.000000 0.000000 0.000000 242.250000 
0.000000 0.000000 0.000000 0.000000 0.000000 0.000000 0.000000 0.000000 0.000000 0.000000 0.000000 243.000000 
0.000000 0.000000 0.000000 0.000000 0.000000 0.000000 0.000000 0.000000 0.000000 0.000000 0.000000 243.750000 
0.000000 0.000000 0.000000 0.000000 0.000000 0.000000 0.000000 0.000000 0.000000 0.000000 0.000000 244.500000 
0.000000 0.000000 0.000000 0.000000 0.000000 0.000000 0.000000 0.000000 0.000000 0.000000 0.000000 245.250000 
0.000000 0.000000 0.000000 0.000000 0.000000 0.000000 0.000000 0.000000 0.000000 0.000000 0.000000 246.000000 
0.000000 0.000000 0.000000 0.000000 0.000000 0.000000 0.000000 0.000000 0.000000 0.000000 0.000000 246.750000 
0.000000 0.000000 0.000000 0.000000 0.000000 0.000000 0.000000 0.000000 0.000000 0.000000 0.000000 247.500000 
0.000000 0.000000 0.000000 0.000000 0.000000 0.000000 0.000000 0.000000 0.000000 0.000000 0.000000 248.250000 
0.000000 0.000000 0.000000 0.000000 0.000000 0.000000 0.000000 0.000000 0.000000 0.000000 0.000000 249.000000 
0.000000 0.000000 0.000000 0.000000 0.000000 0.000000 0.000000 0.000000 0.000000 0.000000 0.000000 249.750000 
0.000000 0.000000 0.000000 0.000000 0.000000 0.000000 0.000000 0.000000 0.000000 0.000000 0.000000 250.500000 
0.000000 0.000000 0.000000 0.000000 0.000000 0.000000 0.000000 0.000000 0.000000 0.000000 0.000000 251.250000 
0.000000 0.000000 0.000000 0.000000 0.000000 0.000000 0.000000 0.000000 0.000000 0.000000 0.000000 252.000000 
0.000000 0.000000 0.000000 0.000000 0.000000 0.000000 0.000000 0.000000 0.000000 0.000000 0.000000 252.750000 
0.000000 0.000000 0.000000 0.000000 0.000000 0.000000 0.000000 0.000000 0.000000 0.000000 0.000000 253.500000 
0.000000 0.000000 0.000000 0.000000 0.000000 0.000000 0.000000 0.000000 0.000000 0.000000 0.000000 254.250000 
0.000000 0.000000 0.000000 0.000000 0.000000 0.000000 0.000000 0.000000 0.000000 0.000000 0.000000 255.000000 
0.000000 0.000000 0.000000 0.000000 0.000000 0.000000 0.000000 0.000000 0.000000 0.000000 0.000000 255.750000 
0.000000 0.000000 0.000000 0.000000 0.000000 0.000000 0.000000 0.000000 0.000000 0.000000 0.000000 256.500000 
0.000000 0.000000 0.000000 0.000000 0.000000 0.000000 0.000000 0.000000 0.000000 0.000000 0.000000 257.250000 
0.000000 0.000000 0.000000 0.000000 0.000000 0.000000 0.000000 0.000000 0.000000 0.000000 0.000000 258.000000 
0.000000 0.000000 0.000000 0.000000 0.000000 0.000000 0.000000 0.000000 0.000000 0.000000 0.000000 258.750000 
0.000000 0.000000 0.000000 0.000000 0.000000 0.000000 0.000000 0.000000 0.000000 0.000000 0.000000 259.500000 
0.000000 0.000000 0.000000 0.000000 0.000000 0.000000 0.000000 0.000000 0.000000 0.000000 0.000000 260.250000 
0.000000 0.000000 0.000000 0.000000 0.000000 0.000000 0.000000 0.000000 0.000000 0.000000 0.000000 261.000000 
0.000000 0.000000 0.000000 0.000000 0.000000 0.000000 0.000000 0.000000 0.000000 0.000000 0.000000 261.750000 
0.000000 0.000000 0.000000 0.000000 0.000000 0.000000 0.000000 0.000000 0.000000 0.000000 0.000000 262.500000 
0.000000 0.000000 0.000000 0.000000 0.000000 0.000000 0.000000 0.000000 0.000000 0.000000 0.000000 263.250000 
0.000000 0.000000 0.000000 0.000000 0.000000 0.000000 0.000000 0.000000 0.000000 0.000000 0.000000 264.000000 
0.000000 0.000000 0.000000 0.000000 0.000000 0.000000 0.000000 0.000000 0.000000 0.000000 0.000000 264.750000 
0.000000 0.000000 0.000000 0.000000 0.000000 0.000000 0.000000 0.000000 0.000000 0.000000 0.000000 265.500000 
0.000000 0.000000 0.000000 0.000000 0.000000 0.000000 0.000000 0.000000 0.000000 0.000000 0.000000 266.250000 
0.000000 0.000000 0.000000 0.000000 0.000000 0.000000 0.000000 0.000000 0.000000 0.000000 0.000000 267.000000 
0.000000 0.000000 0.000000 0.000000 0.000000 0.000000 0.000000 0.000000 0.000000 0.000000 0.000000 267.750000 
0.000000 0.000000 0.000000 0.000000 0.000000 0.000000 0.000000 0.000000 0.000000 0.000000 0.000000 268.500000 
0.000000 0.000000 0.000000 0.000000 0.000000 0.000000 0.000000 0.000000 0.000000 0.000000 0.000000 269.250000 
0.000000 0.000000 0.000000 0.000000 0.000000 0.000000 0.000000 0.000000 0.000000 0.000000 0.000000 270.000000 
0.000000 0.000000 0.000000 0.000000 0.000000 0.000000 0.000000 0.000000 0.000000 0.000000 0.000000 270.750000 
0.000000 0.000000 0.000000 0.000000 0.000000 0.000000 0.000000 0.000000 0.000000 0.000000 0.000000 271.500000 
0.000000 0.000000 0.000000 0.000000 0.000000 0.000000 0.000000 0.000000 0.000000 0.000000 0.000000 272.250000 
0.000000 0.000000 0.000000 0.000000 0.000000 0.000000 0.000000 0.000000 0.000000 0.000000 0.000000 273.000000 
0.000000 0.000000 0.000000 0.000000 0.000000 0.000000 0.000000 0.000000 0.000000 0.000000 0.000000 273.750000 
0.000000 0.000000 0.000000 0.000000 0.000000 0.000000 0.000000 0.000000 0.000000 0.000000 0.000000 274.500000 
0.000000 0.000000 0.000000 0.000000 0.000000 0.000000 0.000000 0.000000 0.000000 0.000000 0.000000 275.250000 
0.000000 0.000000 0.000000 0.000000 0.000000 0.000000 0.000000 0.000000 0.000000 0.000000 0.000000 276.000000 
0.000000 0.000000 0.000000 0.000000 0.000000 0.000000 0.000000 0.000000 0.000000 0.000000 0.000000 276.750000 
0.000000 0.000000 0.000000 0.000000 0.000000 0.000000 0.000000 0.000000 0.000000 0.000000 0.000000 277.500000 
0.000000 0.000000 0.000000 0.000000 0.000000 0.000000 0.000000 0.000000 0.000000 0.000000 0.000000 278.250000 
0.000000 0.000000 0.000000 0.000000 0.000000 0.000000 0.000000 0.000000 0.000000 0.000000 0.000000 279.000000 
0.000000 0.000000 0.000000 0.000000 0.000000 0.000000 0.000000 0.000000 0.000000 0.000000 0.000000 279.750000 
0.000000 0.000000 0.000000 0.000000 0.000000 0.000000 0.000000 0.000000 0.000000 0.000000 0.000000 280.500000 
0.000000 0.000000 0.000000 0.000000 0.000000 0.000000 0.000000 0.000000 0.000000 0.000000 0.000000 281.250000 
0.000000 0.000000 0.000000 0.000000 0.000000 0.000000 0.000000 0.000000 0.000000 0.000000 0.000000 282.000000 
0.000000 0.000000 0.000000 0.000000 0.000000 0.000000 0.000000 0.000000 0.000000 0.000000 0.000000 282.750000 
0.000000 0.000000 0.000000 0.000000 0.000000 0.000000 0.000000 0.000000 0.000000 0.000000 0.000000 283.500000 
0.000000 0.000000 0.000000 0.000000 0.000000 0.000000 0.000000 0.000000 0.000000 0.000000 0.000000 284.250000 
0.000000 0.000000 0.000000 0.000000 0.000000 0.000000 0.000000 0.000000 0.000000 0.000000 0.000000 285.000000 
0.000000 0.000000 0.000000 0.000000 0.000000 0.000000 0.000000 0.000000 0.000000 0.000000 0.000000 285.750000 
0.000000 0.000000 0.000000 0.000000 0.000000 0.000000 0.000000 0.000000 0.000000 0.000000 0.000000 286.500000 
0.000000 0.000000 0.000000 0.000000 0.000000 0.000000 0.000000 0.000000 0.000000 0.000000 0.000000 287.250000 
0.000000 0.000000 0.000000 0.000000 0.000000 0.000000 0.000000 0.000000 0.000000 0.000000 0.000000 288.000000 
0.000000 0.000000 0.000000 0.000000 0.000000 0.000000 0.000000 0.000000 0.000000 0.000000 0.000000 288.750000 
0.000000 0.000000 0.000000 0.000000 0.000000 0.000000 0.000000 0.000000 0.000000 0.000000 0.000000 289.500000 
0.000000 0.000000 0.000000 0.000000 0.000000 0.000000 0.000000 0.000000 0.000000 0.000000 0.000000 290.250000 
0.000000 0.000000 0.000000 0.000000 0.000000 0.000000 0.000000 0.000000 0.000000 0.000000 0.000000 291.000000 
0.000000 0.000000 0.000000 0.000000 0.000000 0.000000 0.000000 0.000000 0.000000 0.000000 0.000000 291.750000 
0.000000 0.000000 0.000000 0.000000 0.000000 0.000000 0.000000 0.000000 0.000000 0.000000 0.000000 292.500000 
0.000000 0.000000 0.000000 0.000000 0.000000 0.000000 0.000000 0.000000 0.000000 0.000000 0.000000 293.250000 
0.000000 0.000000 0.000000 0.000000 0.000000 0.000000 0.000000 0.000000 0.000000 0.000000 0.000000 294.000000 
0.000000 0.000000 0.000000 0.000000 0.000000 0.000000 0.000000 0.000000 0.000000 0.000000 0.000000 294.750000 
0.000000 0.000000 0.000000 0.000000 0.000000 0.000000 0.000000 0.000000 0.000000 0.000000 0.000000 295.500000 
0.000000 0.000000 0.000000 0.000000 0.000000 0.000000 0.000000 0.000000 0.000000 0.000000 0.000000 296.250000 
0.000000 0.000000 0.000000 0.000000 0.000000 0.000000 0.000000 0.000000 0.000000 0.000000 0.000000 297.000000 
0.000000 0.000000 0.000000 0.000000 0.000000 0.000000 0.000000 0.000000 0.000000 0.000000 0.000000 297.750000 
0.000000 0.000000 0.000000 0.000000 0.000000 0.000000 0.000000 0.000000 0.000000 0.000000 0.000000 298.500000 
0.000000 0.000000 0.000000 0.000000 0.000000 0.000000 0.000000 0.000000 0.000000 0.000000 0.000000 299.250000 
0.000000 0.000000 0.000000 0.000000 0.000000 0.000000 0.000000 0.000000 0.000000 0.000000 0.000000 300.000000 
