0.000000 0.533750 0.894652 0.979178 0.994840 0.997355 0.998088 0.998643 0.999160 0.999637 0.999982 0.000000 
0.000000 0.534385 0.894818 0.979215 0.994850 0.997360 0.998093 0.998647 0.999165 0.999642 0.999987 0.750000 
0.000000 0.536287 0.895315 0.979325 0.994879 0.997376 0.998108 0.998662 0.999181 0.999655 1.000000 1.500000 
0.000000 0.539450 0.896142 0.979510 0.994928 0.997402 0.998132 0.998686 0.999207 0.999678 1.000000 2.250000 
0.000000 0.543862 0.897294 0.979766 0.994996 0.997439 0.998167 0.998720 0.999243 0.999709 1.000000 3.000000 
0.000000 0.549508 0.898767 0.980095 0.995084 0.997486 0.998211 0.998763 0.999289 0.999750 1.000000 3.750000 
0.000000 0.556369 0.900553 0.980494 0.995190 0.997544 0.998265 0.998816 0.999345 0.999799 1.000000 4.500000 
0.000000 0.564419 0.902645 0.980962 0.995314 0.997612 0.998329 0.998878 0.999411 0.999857 1.000000 5.250000 
0.000000 0.573631 0.905033 0.981497 0.995457 0.997690 0.998402 0.998950 0.999486 0.999924 1.000000 6.000000 
0.000000 0.583971 0.907706 0.982097 0.995617 0.997779 0.998485 0.999031 0.999571 1.000000 1.000000 6.750000 
0.000000 0.595402 0.910654 0.982760 0.995795 0.997878 0.998578 0.999121 0.999665 1.000000 1.000000 7.500000 
0.000000 0.607882 0.913862 0.983482 0.995989 0.997988 0.998680 0.999220 0.999768 1.000000 0.979024 8.250000 
0.000000 0.621365 0.917317 0.984262 0.996198 0.998108 0.998791 0.999328 0.999880 1.000000 0.959792 9.000000 
0.000000 0.635801 0.921005 0.985096 0.996423 0.998240 0.998911 0.999445 1.000000 1.000000 0.941930 9.750000 
0.000000 0.651136 0.924912 0.985981 0.996662 0.998384 0.999040 0.999571 1.000000 1.000000 0.925149 10.500000 
0.000000 0.667311 0.929022 0.986912 0.996915 0.998541 0.999178 0.999705 1.000000 1.000000 0.909226 11.250000 
0.000000 0.684265 0.933322 0.987887 0.997181 0.998711 0.999326 0.999848 1.000000 1.000000 0.893984 12.000000 
0.000000 0.701932 0.937799 0.988900 0.997459 0.998894 0.999481 1.000000 1.000000 1.000000 0.879287 12.750000 
0.000000 0.720242 0.942440 0.989947 0.997747 0.999091 0.999646 1.000000 1.000000 0.978417 0.865034 13.500000 
0.000000 0.739124 0.947233 0.991023 0.998046 0.999302 0.999819 1.000000 1.000000 0.957976 0.851146 14.250000 
0.000000 0.758502 0.952169 0.992122 0.998354 0.999525 1.000000 1.000000 1.000000 0.938520 0.837565 15.000000 
0.000000 0.778298 0.957235 0.993240 0.998670 0.999758 1.000000 1.000000 1.000000 0.919916 0.824247 15.750000 
0.000000 0.798433 0.962420 0.994370 0.998994 1.000000 1.000000 1.000000 0.979187 0.902048 0.811163 16.500000 
0.000000 0.818824 0.967707 0.995507 0.999324 1.000000 1.000000 1.000000 0.959248 0.884821 0.798288 17.250000 
0.000000 0.839388 0.973076 0.996644 0.999660 1.000000 1.000000 1.000000 0.940042 0.868150 0.785606 18.000000 
0.000000 0.860040 0.978501 0.997776 1.000000 1.000000 1.000000 1.000000 0.921452 0.851968 0.773104 18.750000 
0.000000 0.880696 0.983949 0.998897 1.000000 1.000000 1.000000 0.977062 0.903379 0.836215 0.760771 19.500000 
0.000000 0.901271 0.989379 1.000000 1.000000 1.000000 1.000000 0.954987 0.885745 0.820843 0.748598 20.250000 
0.000000 0.921679 0.994745 1.000000 1.000000 1.000000 1.000000 0.933693 0.868488 0.805812 0.736580 21.000000 
0.000000 0.941837 1.000000 1.000000 1.000000 1.000000 0.976112 0.913107 0.851564 0.791089 0.724708 21.750000 
0.000000 0.961663 1.000000 1.000000 1.000000 1.000000 0.953035 0.893163 0.834940 0.776647 0.712977 22.500000 
0.000000 0.981077 1.000000 1.000000 1.000000 0.978574 0.930700 0.873802 0.818595 0.762465 0.701381 23.250000 
0.000000 1.000000 1.000000 1.000000 1.000000 0.957601 0.909044 0.854974 0.802515 0.748525 0.689917 24.000000 
0.000000 1.000000 1.000000 1.000000 1.000000 0.936844 0.888012 0.836631 0.786692 0.734812 0.678579 24.750000 
0.000000 1.000000 1.000000 1.000000 0.973223 0.916143 0.867554 0.818734 0.771121 0.721315 0.667364 25.500000 
0.000000 1.000000 1.000000 1.000000 0.947226 0.895420 0.847623 0.801246 0.755798 0.708023 0.656268 26.250000 
1.000000 1.000000 1.000000 0.971576 0.921950 0.874669 0.828180 0.784137 0.740722 0.694929 0.645287 27.000000 
1.000000 1.000000 1.000000 0.943912 0.897344 0.853938 0.809188 0.767379 0.725889 0.682024 0.634420 27.750000 
1.000000 1.000000 0.969556 0.916936 0.873360 0.833302 0.790616 0.750948 0.711297 0.669303 0.623663 28.500000 
1.000000 1.000000 0.939735 0.890580 0.849955 0.812842 0.772435 0.734824 0.696940 0.656760 0.613014 29.250000 
1.000000 1.000000 0.910341 0.864788 0.827091 0.792632 0.754620 0.718991 0.682814 0.644390 0.602472 30.000000 
1.000000 0.954255 0.881225 0.839511 0.804733 0.772729 0.737150 0.703432 0.668913 0.632188 0.592034 30.750000 
1.000000 0.909675 0.852295 0.814707 0.782851 0.753169 0.720006 0.688135 0.655231 0.620150 0.581700 31.500000 
1.000000 0.866250 0.823512 0.790345 0.761418 0.733971 0.703173 0.673090 0.641762 0.608271 0.571468 32.250000 
1.000000 0.823973 0.794885 0.766400 0.740411 0.715143 0.686635 0.658286 0.628499 0.596549 0.561336 33.000000 
0.000000 0.782837 0.766458 0.742855 0.719810 0.696682 0.670381 0.643717 0.615436 0.584978 0.551303 33.750000 
0.000000 0.742837 0.738296 0.719699 0.699599 0.678580 0.654401 0.629375 0.602567 0.573557 0.541370 34.500000 
0.000000 0.703968 0.710474 0.696926 0.679762 0.660827 0.638685 0.615255 0.589888 0.562281 0.531534 35.250000 
0.000000 0.666229 0.683064 0.674533 0.660288 0.643411 0.623228 0.601350 0.577392 0.551149 0.521796 36.000000 
0.000000 0.629615 0.656131 0.652522 0.641166 0.626321 0.608021 0.587658 0.565077 0.540157 0.512154 36.750000 
0.000000 0.594126 0.629725 0.630895 0.622389 0.609548 0.593059 0.574173 0.552936 0.529303 0.502607 37.500000 
0.000000 0.559757 0.603885 0.609656 0.603950 0.593081 0.578339 0.560892 0.540968 0.518584 0.493157 38.250000 
0.000000 0.526509 0.578635 0.588809 0.585842 0.576913 0.563854 0.547812 0.529167 0.508000 0.483801 39.000000 
0.000000 0.494378 0.553992 0.568360 0.568063 0.561035 0.549603 0.534929 0.517533 0.497547 0.474540 39.750000 
0.000000 0.463363 0.529963 0.548313 0.550607 0.545442 0.535580 0.522241 0.506060 0.487224 0.465373 40.500000 
0.000000 0.433458 0.506549 0.528669 0.533473 0.530126 0.521784 0.509744 0.494748 0.477029 0.456300 41.250000 
0.000000 0.404662 0.483749 0.509433 0.516657 0.515083 0.508211 0.497437 0.483593 0.466962 0.447321 42.000000 
0.000000 0.376967 0.461560 0.490606 0.500158 0.500308 0.494859 0.485317 0.472594 0.457020 0.438435 42.750000 
0.000000 0.350369 0.439975 0.472187 0.483972 0.485797 0.481725 0.473382 0.461748 0.447202 0.429642 43.500000 
0.000000 0.324859 0.418990 0.454177 0.468099 0.471546 0.468807 0.461629 0.451055 0.437508 0.420943 44.250000 
0.000000 0.300428 0.398599 0.436574 0.452537 0.457551 0.456103 0.450056 0.440511 0.427936 0.412336 45.000000 
0.000000 0.277065 0.378796 0.419377 0.437283 0.443810 0.443610 0.438661 0.430116 0.418485 0.403822 45.750000 
0.000000 0.254758 0.359574 0.402583 0.422335 0.430320 0.431326 0.427443 0.419868 0.409154 0.395401 46.500000 
0.000000 0.233492 0.340928 0.386190 0.407693 0.417078 0.419250 0.416399 0.409766 0.399943 0.387073 47.250000 
0.000000 0.213252 0.322852 0.370195 0.393353 0.404082 0.407379 0.405527 0.399808 0.390850 0.378836 48.000000 
0.000000 0.194019 0.305339 0.354594 0.379314 0.391329 0.395711 0.394827 0.389993 0.381875 0.370693 48.750000 
0.000000 0.175774 0.288385 0.339383 0.365573 0.378818 0.384245 0.384296 0.380320 0.373017 0.362641 49.500000 
0.000000 0.158496 0.271982 0.324560 0.352128 0.366545 0.372978 0.373932 0.370788 0.364275 0.354681 50.250000 
0.000000 0.142163 0.256124 0.310119 0.338978 0.354509 0.361909 0.363735 0.361395 0.355649 0.346814 51.000000 
0.000000 0.126751 0.240804 0.296058 0.326118 0.342709 0.351036 0.353702 0.352141 0.347137 0.339039 51.750000 
0.000000 0.112237 0.226015 0.282373 0.313548 0.331141 0.340357 0.343833 0.343024 0.338741 0.331355 52.500000 
0.000000 0.098600 0.211749 0.269059 0.301263 0.319804 0.329871 0.334125 0.334044 0.330458 0.323763 53.250000 
0.000000 0.085820 0.198000 0.256112 0.289263 0.308696 0.319575 0.324578 0.325199 0.322288 0.316263 54.000000 
0.000000 0.073886 0.184758 0.243528 0.277543 0.297815 0.309469 0.315191 0.316489 0.314231 0.308855 54.750000 
0.000000 0.062797 0.172017 0.231303 0.266101 0.287159 0.299550 0.305962 0.307913 0.306286 0.301538 55.500000 
0.000000 0.052566 0.159766 0.219432 0.254935 0.276727 0.289817 0.296889 0.299469 0.298452 0.294313 56.250000 
0.000000 0.043223 0.147997 0.207911 0.244041 0.266515 0.280268 0.287972 0.291157 0.290729 0.287178 57.000000 
0.000000 0.034812 0.136701 0.196735 0.233417 0.256522 0.270902 0.279210 0.282977 0.283117 0.280135 57.750000 
0.000000 0.027382 0.125868 0.185900 0.223060 0.246746 0.261717 0.270600 0.274926 0.275615 0.273183 58.500000 
0.000000 0.020979 0.115488 0.175401 0.212966 0.237186 0.252712 0.262143 0.267005 0.268223 0.266322 59.250000 
0.000000 0.015620 0.105552 0.165232 0.203132 0.227837 0.243884 0.253836 0.259212 0.260939 0.259551 60.000000 
0.000000 0.011284 0.096050 0.155389 0.193556 0.218700 0.235233 0.245680 0.251547 0.253763 0.252871 60.750000 
0.000000 0.007903 0.086971 0.145867 0.184235 0.209771 0.226757 0.237671 0.244009 0.246696 0.246281 61.500000 
0.000000 0.005367 0.078309 0.136660 0.175164 0.201048 0.218454 0.229810 0.236596 0.239735 0.239781 62.250000 
0.000000 0.003537 0.070055 0.127763 0.166341 0.192530 0.210323 0.222095 0.229309 0.232882 0.233372 63.000000 
0.000000 0.002266 0.062205 0.119171 0.157763 0.184213 0.202361 0.214525 0.222145 0.226134 0.227051 63.750000 
0.000000 0.001413 0.054758 0.110877 0.149426 0.176096 0.194568 0.207099 0.215105 0.219492 0.220821 64.500000 
0.000000 0.000860 0.047720 0.102877 0.141326 0.168176 0.186942 0.199815 0.208188 0.212956 0.214679 65.250000 
0.000000 0.000512 0.041102 0.095164 0.133461 0.160451 0.179480 0.192673 0.201392 0.206524 0.208626 66.000000 
0.000000 0.000299 0.034926 0.087733 0.125826 0.152919 0.172182 0.185670 0.194717 0.200195 0.202662 66.750000 
0.000000 0.000171 0.029219 0.080579 0.118418 0.145577 0.165046 0.178807 0.188162 0.193971 0.196787 67.500000 
0.000000 0.000097 0.024017 0.073697 0.111234 0.138422 0.158069 0.172081 0.181726 0.187848 0.190999 68.250000 
0.000000 0.000054 0.019355 0.067081 0.104269 0.131453 0.151251 0.165491 0.175407 0.181829 0.185299 69.000000 
0.000000 0.000030 0.015264 0.060729 0.097521 0.124667 0.144589 0.159037 0.169206 0.175910 0.179686 69.750000 
0.000000 0.000016 0.011760 0.054638 0.090985 0.118061 0.138082 0.152716 0.163121 0.170093 0.174160 70.500000 
0.000000 0.000009 0.008841 0.048809 0.084658 0.111633 0.131727 0.146527 0.157152 0.164375 0.168721 71.250000 
0.000000 0.000005 0.006481 0.043245 0.078536 0.105380 0.125524 0.140470 0.151296 0.158757 0.163368 72.000000 
0.000000 0.000002 0.004631 0.037954 0.072616 0.099299 0.119470 0.134543 0.145554 0.153239 0.158101 72.750000 
0.000000 0.000001 0.003227 0.032950 0.066895 0.093389 0.113563 0.128744 0.139925 0.147818 0.152919 73.500000 
0.000000 0.000001 0.002194 0.028252 0.061369 0.087646 0.107802 0.123072 0.134406 0.142495 0.147823 74.250000 
0.000000 0.000000 0.001458 0.023884 0.056036 0.082068 0.102185 0.117526 0.128998 0.137269 0.142811 75.000000 
0.000000 0.000000 0.000947 0.019873 0.050895 0.076653 0.096709 0.112105 0.123700 0.132139 0.137882 75.750000 
0.000000 0.000000 0.000603 0.016247 0.045947 0.071397 0.091374 0.106806 0.118510 0.127104 0.133038 76.500000 
0.000000 0.000000 0.000376 0.013031 0.041193 0.066299 0.086176 0.101629 0.113427 0.122164 0.128276 77.250000 
0.000000 0.000000 0.000231 0.010239 0.036640 0.061356 0.081114 0.096572 0.108450 0.117318 0.123598 78.000000 
0.000000 0.000000 0.000139 0.007872 0.032295 0.056567 0.076187 0.091634 0.103579 0.112565 0.119001 78.750000 
0.000000 0.000000 0.000083 0.005919 0.028172 0.051929 0.071392 0.086813 0.098812 0.107905 0.114486 79.500000 
0.000000 0.000000 0.000049 0.004351 0.024288 0.047442 0.066727 0.082108 0.094147 0.103336 0.110052 80.250000 
0.000000 0.000000 0.000028 0.003127 0.020664 0.043108 0.062191 0.077518 0.089585 0.098857 0.105698 81.000000 
0.000000 0.000000 0.000016 0.002198 0.017324 0.038926 0.057783 0.073040 0.085124 0.094469 0.101425 81.750000 
0.000000 0.000000 0.000009 0.001512 0.014289 0.034903 0.053500 0.068675 0.080763 0.090170 0.097230 82.500000 
0.000000 0.000000 0.000005 0.001019 0.011580 0.031045 0.049342 0.064419 0.076500 0.085960 0.093115 83.250000 
0.000000 0.000000 0.000003 0.000674 0.009209 0.027361 0.045308 0.060272 0.072335 0.081836 0.089077 84.000000 
0.000000 0.000000 0.000002 0.000437 0.007180 0.023865 0.041399 0.056233 0.068266 0.077800 0.085118 84.750000 
0.000000 0.000000 0.000001 0.000279 0.005485 0.020575 0.037616 0.052301 0.064293 0.073849 0.081235 85.500000 
0.000000 0.000000 0.000000 0.000175 0.004104 0.017508 0.033963 0.048474 0.060414 0.069984 0.077428 86.250000 
0.000000 0.000000 0.000000 0.000108 0.003007 0.014686 0.030445 0.044752 0.056629 0.066202 0.073698 87.000000 
0.000000 0.000000 0.000000 0.000066 0.002159 0.012126 0.027070 0.041136 0.052936 0.062504 0.070042 87.750000 
0.000000 0.000000 0.000000 0.000040 0.001519 0.009845 0.023847 0.037627 0.049335 0.058888 0.066461 88.500000 
0.000000 0.000000 0.000000 0.000024 0.001049 0.007851 0.020792 0.034226 0.045825 0.055355 0.062953 89.250000 
0.000000 0.000000 0.000000 0.000014 0.000711 0.006145 0.017918 0.030937 0.042406 0.051902 0.059519 90.000000 
0.000000 0.000000 0.000000 0.000008 0.000473 0.004718 0.015245 0.027766 0.039078 0.048529 0.056157 90.750000 
0.000000 0.000000 0.000000 0.000005 0.000310 0.003552 0.012789 0.024721 0.035843 0.045237 0.052868 91.500000 
0.000000 0.000000 0.000000 0.000003 0.000200 0.002623 0.010566 0.021812 0.032703 0.042024 0.049649 92.250000 
0.000000 0.000000 0.000000 0.000002 0.000127 0.001900 0.008588 0.019050 0.029660 0.038892 0.046502 93.000000 
0.000000 0.000000 0.000000 0.000001 0.000080 0.001351 0.006861 0.016452 0.026719 0.035840 0.043426 93.750000 
0.000000 0.000000 0.000000 0.000000 0.000049 0.000943 0.005385 0.014033 0.023889 0.032870 0.040420 94.500000 
0.000000 0.000000 0.000000 0.000000 0.000030 0.000647 0.004150 0.011807 0.021177 0.029986 0.037485 95.250000 
0.000000 0.000000 0.000000 0.000000 0.000018 0.000437 0.003139 0.009790 0.018595 0.027189 0.034623 96.000000 
0.000000 0.000000 0.000000 0.000000 0.000011 0.000290 0.002331 0.007992 0.016156 0.024487 0.031833 96.750000 
0.000000 0.000000 0.000000 0.000000 0.000006 0.000190 0.001700 0.006418 0.013873 0.021886 0.029119 97.500000 
0.000000 0.000000 0.000000 0.000000 0.000004 0.000123 0.001218 0.005066 0.011762 0.019394 0.026484 98.250000 
0.000000 0.000000 0.000000 0.000000 0.000002 0.000078 0.000858 0.003930 0.009836 0.017024 0.023932 99.000000 
0.000000 0.000000 0.000000 0.000000 0.000001 0.000049 0.000594 0.002995 0.008105 0.014786 0.021471 99.750000 
0.000000 0.000000 0.000000 0.000000 0.000001 0.000031 0.000405 0.002243 0.006575 0.012696 0.019108 100.500000 
0.000000 0.000000 0.000000 0.000000 0.000000 0.000019 0.000272 0.001651 0.005249 0.010764 0.016852 101.250000 
0.000000 0.000000 0.000000 0.000000 0.000000 0.000011 0.000180 0.001194 0.004120 0.009004 0.014716 102.000000 
0.000000 0.000000 0.000000 0.000000 0.000000 0.000007 0.000118 0.000850 0.003180 0.007424 0.012711 102.750000 
0.000000 0.000000 0.000000 0.000000 0.000000 0.000004 0.000076 0.000595 0.002414 0.006029 0.010849 103.500000 
0.000000 0.000000 0.000000 0.000000 0.000000 0.000002 0.000048 0.000411 0.001801 0.004820 0.009142 104.250000 
0.000000 0.000000 0.000000 0.000000 0.000000 0.000001 0.000031 0.000279 0.001322 0.003792 0.007599 105.000000 
0.000000 0.000000 0.000000 0.000000 0.000000 0.000001 0.000019 0.000187 0.000955 0.002935 0.006226 105.750000 
0.000000 0.000000 0.000000 0.000000 0.000000 0.000000 0.000012 0.000124 0.000679 0.002234 0.005024 106.500000 
0.000000 0.000000 0.000000 0.000000 0.000000 0.000000 0.000007 0.000081 0.000475 0.001674 0.003993 107.250000 
0.000000 0.000000 0.000000 0.000000 0.000000 0.000000 0.000004 0.000052 0.000328 0.001234 0.003123 108.000000 
0.000000 0.000000 0.000000 0.000000 0.000000 0.000000 0.000003 0.000033 0.000223 0.000895 0.002405 108.750000 
0.000000 0.000000 0.000000 0.000000 0.000000 0.000000 0.000002 0.000021 0.000150 0.000640 0.001822 109.500000 
0.000000 0.000000 0.000000 0.000000 0.000000 0.000000 0.000001 0.000013 0.000100 0.000451 0.001360 110.250000 
0.000000 0.000000 0.000000 0.000000 0.000000 0.000000 0.000001 0.000008 0.000065 0.000313 0.000999 111.000000 
0.000000 0.000000 0.000000 0.000000 0.000000 0.000000 0.000000 0.000005 0.000042 0.000215 0.000723 111.750000 
0.000000 0.000000 0.000000 0.000000 0.000000 0.000000 0.000000 0.000003 0.000027 0.000145 0.000516 112.500000 
0.000000 0.000000 0.000000 0.000000 0.000000 0.000000 0.000000 0.000002 0.000017 0.000097 0.000363 113.250000 
0.000000 0.000000 0.000000 0.000000 0.000000 0.000000 0.000000 0.000001 0.000011 0.000064 0.000252 114.000000 
0.000000 0.000000 0.000000 0.000000 0.000000 0.000000 0.000000 0.000001 0.000007 0.000042 0.000173 114.750000 
0.000000 0.000000 0.000000 0.000000 0.000000 0.000000 0.000000 0.000000 0.000004 0.000027 0.000117 115.500000 
0.000000 0.000000 0.000000 0.000000 0.000000 0.000000 0.000000 0.000000 0.000003 0.000017 0.000078 116.250000 
0.000000 0.000000 0.000000 0.000000 0.000000 0.000000 0.000000 0.000000 0.000002 0.000011 0.000052 117.000000 
0.000000 0.000000 0.000000 0.000000 0.000000 0.000000 0.000000 0.000000 0.000001 0.000007 0.000034 117.750000 
0.000000 0.000000 0.000000 0.000000 0.000000 0.000000 0.000000 0.000000 0.000001 0.000004 0.000022 118.500000 
0.000000 0.000000 0.000000 0.000000 0.000000 0.000000 0.000000 0.000000 0.000000 0.000003 0.000014 119.250000 
0.000000 0.000000 0.000000 0.000000 0.000000 0.000000 0.000000 0.000000 0.000000 0.000002 0.000009 120.000000 
0.000000 0.000000 0.000000 0.000000 0.000000 0.000000 0.000000 0.000000 0.000000 0.000001 0.000006 120.750000 
0.000000 0.000000 0.000000 0.000000 0.000000 0.000000 0.000000 0.000000 0.000000 0.000001 0.000004 121.500000 
0.000000 0.000000 0.000000 0.000000 0.000000 0.000000 0.000000 0.000000 0.000000 0.000000 0.000002 122.250000 
0.000000 0.000000 0.000000 0.000000 0.000000 0.000000 0.000000 0.000000 0.000000 0.000000 0.000001 123.000000 
0.000000 0.000000 0.000000 0.000000 0.000000 0.000000 0.000000 0.000000 0.000000 0.000000 0.000001 123.750000 
0.000000 0.000000 0.000000 0.000000 0.000000 0.000000 0.000000 0.000000 0.000000 0.000000 0.000001 124.500000 
0.000000 0.000000 0.000000 0.000000 0.000000 0.000000 0.000000 0.000000 0.000000 0.000000 0.000000 125.250000 
0.000000 0.000000 0.000000 0.000000 0.000000 0.000000 0.000000 0.000000 0.000000 0.000000 0.000000 126.000000 
0.000000 0.000000 0.000000 0.000000 0.000000 0.000000 0.000000 0.000000 0.000000 0.000000 0.000000 126.750000 
0.000000 0.000000 0.000000 0.000000 0.000000 0.000000 0.000000 0.000000 0.000000 0.000000 0.000000 127.500000 
0.000000 0.000000 0.000000 0.000000 0.000000 0.000000 0.000000 0.000000 0.000000 0.000000 0.000000 128.250000 
0.000000 0.000000 0.000000 0.000000 0.000000 0.000000 0.000000 0.000000 0.000000 0.000000 0.000000 129.000000 
0.000000 0.000000 0.000000 0.000000 0.000000 0.000000 0.000000 0.000000 0.000000 0.000000 0.000000 129.750000 
0.000000 0.000000 0.000000 0.000000 0.000000 0.000000 0.000000 0.000000 0.000000 0.000000 0.000000 130.500000 
0.000000 0.000000 0.000000 0.000000 0.000000 0.000000 0.000000 0.000000 0.000000 0.000000 0.000000 131.250000 
0.000000 0.000000 0.000000 0.000000 0.000000 0.000000 0.000000 0.000000 0.000000 0.000000 0.000000 132.000000 
0.000000 0.000000 0.000000 0.000000 0.000000 0.000000 0.000000 0.000000 0.000000 0.000000 0.000000 132.750000 
0.000000 0.000000 0.000000 0.000000 0.000000 0.000000 0.000000 0.000000 0.000000 0.000000 0.000000 133.500000 
0.000000 0.000000 0.000000 0.000000 0.000000 0.000000 0.000000 0.000000 0.000000 0.000000 0.000000 134.250000 
0.000000 0.000000 0.000000 0.000000 0.000000 0.000000 0.000000 0.000000 0.000000 0.000000 0.000000 135.000000 
0.000000 0.000000 0.000000 0.000000 0.000000 0.000000 0.000000 0.000000 0.000000 0.000000 0.000000 135.750000 
0.000000 0.000000 0.000000 0.000000 0.000000 0.000000 0.000000 0.000000 0.000000 0.000000 0.000000 136.500000 
0.000000 0.000000 0.000000 0.000000 0.000000 0.000000 0.000000 0.000000 0.000000 0.000000 0.000000 137.250000 
0.000000 0.000000 0.000000 0.000000 0.000000 0.000000 0.000000 0.000000 0.000000 0.000000 0.000000 138.000000 
0.000000 0.000000 0.000000 0.000000 0.000000 0.000000 0.000000 0.000000 0.000000 0.000000 0.000000 138.750000 
0.000000 0.000000 0.000000 0.000000 0.000000 0.000000 0.000000 0.000000 0.000000 0.000000 0.000000 139.500000 
0.000000 0.000000 0.000000 0.000000 0.000000 0.000000 0.000000 0.000000 0.000000 0.000000 0.000000 140.250000 
0.000000 0.000000 0.000000 0.000000 0.000000 0.000000 0.000000 0.000000 0.000000 0.000000 0.000000 141.000000 
0.000000 0.000000 0.000000 0.000000 0.000000 0.000000 0.000000 0.000000 0.000000 0.000000 0.000000 141.750000 
0.000000 0.000000 0.000000 0.000000 0.000000 0.000000 0.000000 0.000000 0.000000 0.000000 0.000000 142.500000 
0.000000 0.000000 0.000000 0.000000 0.000000 0.000000 0.000000 0.000000 0.000000 0.000000 0.000000 143.250000 
0.000000 0.000000 0.000000 0.000000 0.000000 0.000000 0.000000 0.000000 0.000000 0.000000 0.000000 144.000000 
0.000000 0.000000 0.000000 0.000000 0.000000 0.000000 0.000000 0.000000 0.000000 0.000000 0.000000 144.750000 
0.000000 0.000000 0.000000 0.000000 0.000000 0.000000 0.000000 0.000000 0.000000 0.000000 0.000000 145.500000 
0.000000 0.000000 0.000000 0.000000 0.000000 0.000000 0.000000 0.000000 0.000000 0.000000 0.000000 146.250000 
0.000000 0.000000 0.000000 0.000000 0.000000 0.000000 0.000000 0.000000 0.000000 0.000000 0.000000 147.000000 
0.000000 0.000000 0.000000 0.000000 0.000000 0.000000 0.000000 0.000000 0.000000 0.000000 0.000000 147.750000 
0.000000 0.000000 0.000000 0.000000 0.000000 0.000000 0.000000 0.000000 0.000000 0.000000 0.000000 148.500000 
0.000000 0.000000 0.000000 0.000000 0.000000 0.000000 0.000000 0.000000 0.000000 0.000000 0.000000 149.250000 
0.000000 0.000000 0.000000 0.000000 0.000000 0.000000 0.000000 0.000000 0.000000 0.000000 0.000000 150.000000 
0.000000 0.000000 0.000000 0.000000 0.000000 0.000000 0.000000 0.000000 0.000000 0.000000 0.000000 150.750000 
0.000000 0.000000 0.000000 0.000000 0.000000 0.000000 0.000000 0.000000 0.000000 0.000000 0.000000 151.500000 
0.000000 0.000000 0.000000 0.000000 0.000000 0.000000 0.000000 0.000000 0.000000 0.000000 0.000000 152.250000 
0.000000 0.000000 0.000000 0.000000 0.000000 0.000000 0.000000 0.000000 0.000000 0.000000 0.000000 153.000000 
0.000000 0.000000 0.000000 0.000000 0.000000 0.000000 0.000000 0.000000 0.000000 0.000000 0.000000 153.750000 
0.000000 0.000000 0.000000 0.000000 0.000000 0.000000 0.000000 0.000000 0.000000 0.000000 0.000000 154.500000 
0.000000 0.000000 0.000000 0.000000 0.000000 0.000000 0.000000 0.000000 0.000000 0.000000 0.000000 155.250000 
0.000000 0.000000 0.000000 0.000000 0.000000 0.000000 0.000000 0.000000 0.000000 0.000000 0.000000 156.000000 
0.000000 0.000000 0.000000 0.000000 0.000000 0.000000 0.000000 0.000000 0.000000 0.000000 0.000000 156.750000 
0.000000 0.000000 0.000000 0.000000 0.000000 0.000000 0.000000 0.000000 0.000000 0.000000 0.000000 157.500000 
0.000000 0.000000 0.000000 0.000000 0.000000 0.000000 0.000000 0.000000 0.000000 0.000000 0.000000 158.250000 
0.000000 0.000000 0.000000 0.000000 0.000000 0.000000 0.000000 0.000000 0.000000 0.000000 0.000000 159.000000 
0.000000 0.000000 0.000000 0.000000 0.000000 0.000000 0.000000 0.000000 0.000000 0.000000 0.000000 159.750000 
0.000000 0.000000 0.000000 0.000000 0.000000 0.000000 0.000000 0.000000 0.000000 0.000000 0.000000 160.500000 
0.000000 0.000000 0.000000 0.000000 0.000000 0.000000 0.000000 0.000000 0.000000 0.000000 0.000000 161.250000 
0.000000 0.000000 0.000000 0.000000 0.000000 0.000000 0.000000 0.000000 0.000000 0.000000 0.000000 162.000000 
0.000000 0.000000 0.000000 0.000000 0.000000 0.000000 0.000000 0.000000 0.000000 0.000000 0.000000 162.750000 
0.000000 0.000000 0.000000 0.000000 0.000000 0.000000 0.000000 0.000000 0.000000 0.000000 0.000000 163.500000 
0.000000 0.000000 0.000000 0.000000 0.000000 0.000000 0.000000 0.000000 0.000000 0.000000 0.000000 164.250000 
0.000000 0.000000 0.000000 0.000000 0.000000 0.000000 0.000000 0.000000 0.000000 0.000000 0.000000 165.000000 
0.000000 0.000000 0.000000 0.000000 0.000000 0.000000 0.000000 0.000000 0.000000 0.000000 0.000000 165.750000 
0.000000 0.000000 0.000000 0.000000 0.000000 0.000000 0.000000 0.000000 0.000000 0.000000 0.000000 166.500000 
0.000000 0.000000 0.000000 0.000000 0.000000 0.000000 0.000000 0.000000 0.000000 0.000000 0.000000 167.250000 
0.000000 0.000000 0.000000 0.000000 0.000000 0.000000 0.000000 0.000000 0.000000 0.000000 0.000000 168.000000 
0.000000 0.000000 0.000000 0.000000 0.000000 0.000000 0.000000 0.000000 0.000000 0.000000 0.000000 168.750000 
0.000000 0.000000 0.000000 0.000000 0.000000 0.000000 0.000000 0.000000 0.000000 0.000000 0.000000 169.500000 
0.000000 0.000000 0.000000 0.000000 0.000000 0.000000 0.000000 0.000000 0.000000 0.000000 0.000000 170.250000 
0.000000 0.000000 0.000000 0.000000 0.000000 0.000000 0.000000 0.000000 0.000000 0.000000 0.000000 171.000000 
0.000000 0.000000 0.000000 0.000000 0.000000 0.000000 0.000000 0.000000 0.000000 0.000000 0.000000 171.750000 
0.000000 0.000000 0.000000 0.000000 0.000000 0.000000 0.000000 0.000000 0.000000 0.000000 0.000000 172.500000 
0.000000 0.000000 0.000000 0.000000 0.000000 0.000000 0.000000 0.000000 0.000000 0.000000 0.000000 173.250000 
0.000000 0.000000 0.000000 0.000000 0.000000 0.000000 0.000000 0.000000 0.000000 0.000000 0.000000 174.000000 
0.000000 0.000000 0.000000 0.000000 0.000000 0.000000 0.000000 0.000000 0.000000 0.000000 0.000000 174.750000 
0.000000 0.000000 0.000000 0.000000 0.000000 0.000000 0.000000 0.000000 0.000000 0.000000 0.000000 175.500000 
0.000000 0.000000 0.000000 0.000000 0.000000 0.000000 0.000000 0.000000 0.000000 0.000000 0.000000 176.250000 
0.000000 0.000000 0.000000 0.000000 0.000000 0.000000 0.000000 0.000000 0.000000 0.000000 0.000000 177.000000 
0.000000 0.000000 0.000000 0.000000 0.000000 0.000000 0.000000 0.000000 0.000000 0.000000 0.000000 177.750000 
0.000000 0.000000 0.000000 0.000000 0.000000 0.000000 0.000000 0.000000 0.000000 0.000000 0.000000 178.500000 
0.000000 0.000000 0.000000 0.000000 0.000000 0.000000 0.000000 0.000000 0.000000 0.000000 0.000000 179.250000 
0.000000 0.000000 0.000000 0.000000 0.000000 0.000000 0.000000 0.000000 0.000000 0.000000 0.000000 180.000000 
0.000000 0.000000 0.000000 0.000000 0.000000 0.000000 0.000000 0.000000 0.000000 0.000000 0.000000 180.750000 
0.000000 0.000000 0.000000 0.000000 0.000000 0.000000 0.000000 0.000000 0.000000 0.000000 0.000000 181.500000 
0.000000 0.000000 0.000000 0.000000 0.000000 0.000000 0.000000 0.000000 0.000000 0.000000 0.000000 182.250000 
0.000000 0.000000 0.000000 0.000000 0.000000 0.000000 0.000000 0.000000 0.000000 0.000000 0.000000 183.000000 
0.000000 0.000000 0.000000 0.000000 0.000000 0.000000 0.000000 0.000000 0.000000 0.000000 0.000000 183.750000 
0.000000 0.000000 0.000000 0.000000 0.000000 0.000000 0.000000 0.000000 0.000000 0.000000 0.000000 184.500000 
0.000000 0.000000 0.000000 0.000000 0.000000 0.000000 0.000000 0.000000 0.000000 0.000000 0.000000 185.250000 
0.000000 0.000000 0.000000 0.000000 0.000000 0.000000 0.000000 0.000000 0.000000 0.000000 0.000000 186.000000 
0.000000 0.000000 0.000000 0.000000 0.000000 0.000000 0.000000 0.000000 0.000000 0.000000 0.000000 186.750000 
0.000000 0.000000 0.000000 0.000000 0.000000 0.000000 0.000000 0.000000 0.000000 0.000000 0.000000 187.500000 
0.000000 0.000000 0.000000 0.000000 0.000000 0.000000 0.000000 0.000000 0.000000 0.000000 0.000000 188.250000 
0.000000 0.000000 0.000000 0.000000 0.000000 0.000000 0.000000 0.000000 0.000000 0.000000 0.000000 189.000000 
0.000000 0.000000 0.000000 0.000000 0.000000 0.000000 0.000000 0.000000 0.000000 0.000000 0.000000 189.750000 
0.000000 0.000000 0.000000 0.000000 0.000000 0.000000 0.000000 0.000000 0.000000 0.000000 0.000000 190.500000 
0.000000 0.000000 0.000000 0.000000 0.000000 0.000000 0.000000 0.000000 0.000000 0.000000 0.000000 191.250000 
0.000000 0.000000 0.000000 0.000000 0.000000 0.000000 0.000000 0.000000 0.000000 0.000000 0.000000 192.000000 
0.000000 0.000000 0.000000 0.000000 0.000000 0.000000 0.000000 0.000000 0.000000 0.000000 0.000000 192.750000 
0.000000 0.000000 0.000000 0.000000 0.000000 0.000000 0.000000 0.000000 0.000000 0.000000 0.000000 193.500000 
0.000000 0.000000 0.000000 0.000000 0.000000 0.000000 0.000000 0.000000 0.000000 0.000000 0.000000 194.250000 
0.000000 0.000000 0.000000 0.000000 0.000000 0.000000 0.000000 0.000000 0.000000 0.000000 0.000000 195.000000 
0.000000 0.000000 0.000000 0.000000 0.000000 0.000000 0.000000 0.000000 0.000000 0.000000 0.000000 195.750000 
0.000000 0.000000 0.000000 0.000000 0.000000 0.000000 0.000000 0.000000 0.000000 0.000000 0.000000 196.500000 
0.000000 0.000000 0.000000 0.000000 0.000000 0.000000 0.000000 0.000000 0.000000 0.000000 0.000000 197.250000 
0.000000 0.000000 0.000000 0.000000 0.000000 0.000000 0.000000 0.000000 0.000000 0.000000 0.000000 198.000000 
0.000000 0.000000 0.000000 0.000000 0.000000 0.000000 0.000000 0.000000 0.000000 0.000000 0.000000 198.750000 
0.000000 0.000000 0.000000 0.000000 0.000000 0.000000 0.000000 0.000000 0.000000 0.000000 0.000000 199.500000 
0.000000 0.000000 0.000000 0.000000 0.000000 0.000000 0.000000 0.000000 0.000000 0.000000 0.000000 200.250000 
0.000000 0.000000 0.000000 0.000000 0.000000 0.000000 0.000000 0.000000 0.000000 0.000000 0.000000 201.000000 
0.000000 0.000000 0.000000 0.000000 0.000000 0.000000 0.000000 0.000000 0.000000 0.000000 0.000000 201.750000 
0.000000 0.000000 0.000000 0.000000 0.000000 0.000000 0.000000 0.000000 0.000000 0.000000 0.000000 202.500000 
0.000000 0.000000 0.000000 0.000000 0.000000 0.000000 0.000000 0.000000 0.000000 0.000000 0.000000 203.250000 
0.000000 0.000000 0.000000 0.000000 0.000000 0.000000 0.000000 0.000000 0.000000 0.000000 0.000000 204.000000 
0.000000 0.000000 0.000000 0.000000 0.000000 0.000000 0.000000 0.000000 0.000000 0.000000 0.000000 204.750000 
0.000000 0.000000 0.000000 0.000000 0.000000 0.000000 0.000000 0.000000 0.000000 0.000000 0.000000 205.500000 
0.000000 0.000000 0.000000 0.000000 0.000000 0.000000 0.000000 0.000000 0.000000 0.000000 0.000000 206.250000 
0.000000 0.000000 0.000000 0.000000 0.000000 0.000000 0.000000 0.000000 0.000000 0.000000 0.000000 207.000000 
0.000000 0.000000 0.000000 0.000000 0.000000 0.000000 0.000000 0.000000 0.000000 0.000000 0.000000 207.750000 
0.000000 0.000000 0.000000 0.000000 0.000000 0.000000 0.000000 0.000000 0.000000 0.000000 0.000000 208.500000 
0.000000 0.000000 0.000000 0.000000 0.000000 0.000000 0.000000 0.000000 0.000000 0.000000 0.000000 209.250000 
0.000000 0.000000 0.000000 0.000000 0.000000 0.000000 0.000000 0.000000 0.000000 0.000000 0.000000 210.000000 
0.000000 0.000000 0.000000 0.000000 0.000000 0.000000 0.000000 0.000000 0.000000 0.000000 0.000000 210.750000 
0.000000 0.000000 0.000000 0.000000 0.000000 0.000000 0.000000 0.000000 0.000000 0.000000 0.000000 211.500000 
0.000000 0.000000 0.000000 0.000000 0.000000 0.000000 0.000000 0.000000 0.000000 0.000000 0.000000 212.250000 
0.000000 0.000000 0.000000 0.000000 0.000000 0.000000 0.000000 0.000000 0.000000 0.000000 0.000000 213.000000 
0.000000 0.000000 0.000000 0.000000 0.000000 0.000000 0.000000 0.000000 0.000000 0.000000 0.000000 213.750000 
0.000000 0.000000 0.000000 0.000000 0.000000 0.000000 0.000000 0.000000 0.000000 0.000000 0.000000 214.500000 
0.000000 0.000000 0.000000 0.000000 0.000000 0.000000 0.000000 0.000000 0.000000 0.000000 0.000000 215.250000 
0.000000 0.000000 0.000000 0.000000 0.000000 0.000000 0.000000 0.000000 0.000000 0.000000 0.000000 216.000000 
0.000000 0.000000 0.000000 0.000000 0.000000 0.000000 0.000000 0.000000 0.000000 0.000000 0.000000 216.750000 
0.000000 0.000000 0.000000 0.000000 0.000000 0.000000 0.000000 0.000000 0.000000 0.000000 0.000000 217.500000 
0.000000 0.000000 0.000000 0.000000 0.000000 0.000000 0.000000 0.000000 0.000000 0.000000 0.000000 218.250000 
0.000000 0.000000 0.000000 0.000000 0.000000 0.000000 0.000000 0.000000 0.000000 0.000000 0.000000 219.000000 
0.000000 0.000000 0.000000 0.000000 0.000000 0.000000 0.000000 0.000000 0.000000 0.000000 0.000000 219.750000 
0.000000 0.000000 0.000000 0.000000 0.000000 0.000000 0.000000 0.000000 0.000000 0.000000 0.000000 220.500000 
0.000000 0.000000 0.000000 0.000000 0.000000 0.000000 0.000000 0.000000 0.000000 0.000000 0.000000 221.250000 
0.000000 0.000000 0.000000 0.000000 0.000000 0.000000 0.000000 0.000000 0.000000 0.000000 0.000000 222.000000 
0.000000 0.000000 0.000000 0.000000 0.000000 0.000000 0.000000 0.000000 0.000000 0.000000 0.000000 222.750000 
0.000000 0.000000 0.000000 0.000000 0.000000 0.000000 0.000000 0.000000 0.000000 0.000000 0.000000 223.500000 
0.000000 0.000000 0.000000 0.000000 0.000000 0.000000 0.000000 0.000000 0.000000 0.000000 0.000000 224.250000 
0.000000 0.000000 0.000000 0.000000 0.000000 0.000000 0.000000 0.000000 0.000000 0.000000 0.000000 225.000000 
0.000000 0.000000 0.000000 0.000000 0.000000 0.000000 0.000000 0.000000 0.000000 0.000000 0.000000 225.750000 
0.000000 0.000000 0.000000 0.000000 0.000000 0.000000 0.000000 0.000000 0.000000 0.000000 0.000000 226.500000 
0.000000 0.000000 0.000000 0.000000 0.000000 0.000000 0.000000 0.000000 0.000000 0.000000 0.000000 227.250000 
0.000000 0.000000 0.000000 0.000000 0.000000 0.000000 0.000000 0.000000 0.000000 0.000000 0.000000 228.000000 
0.000000 0.000000 0.000000 0.000000 0.000000 0.000000 0.000000 0.000000 0.000000 0.000000 0.000000 228.750000 
0.000000 0.000000 0.000000 0.000000 0.000000 0.000000 0.000000 0.000000 0.000000 0.000000 0.000000 229.500000 
0.000000 0.000000 0.000000 0.000000 0.000000 0.000000 0.000000 0.000000 0.000000 0.000000 0.000000 230.250000 
0.000000 0.000000 0.000000 0.000000 0.000000 0.000000 0.000000 0.000000 0.000000 0.000000 0.000000 231.000000 
0.000000 0.000000 0.000000 0.000000 0.000000 0.000000 0.000000 0.000000 0.000000 0.000000 0.000000 231.750000 
0.000000 0.000000 0.000000 0.000000 0.000000 0.000000 0.000000 0.000000 0.000000 0.000000 0.000000 232.500000 
0.000000 0.000000 0.000000 0.000000 0.000000 0.000000 0.000000 0.000000 0.000000 0.000000 0.000000 233.250000 
0.000000 0.000000 0.000000 0.000000 0.000000 0.000000 0.000000 0.000000 0.000000 0.000000 0.000000 234.000000 
0.000000 0.000000 0.000000 0.000000 0.000000 0.000000 0.000000 0.000000 0.000000 0.000000 0.000000 234.750000 
0.000000 0.000000 0.000000 0.000000 0.000000 0.000000 0.000000 0.000000 0.000000 0.000000 0.000000 235.500000 
0.000000 0.000000 0.000000 0.000000 0.000000 0.000000 0.000000 0.000000 0.000000 0.000000 0.000000 236.250000 
0.000000 0.000000 0.000000 0.000000 0.000000 0.000000 0.000000 0.000000 0.000000 0.000000 0.000000 237.000000 
0.000000 0.000000 0.000000 0.000000 0.000000 0.000000 0.000000 0.000000 0.000000 0.000000 0.000000 237.750000 
0.000000 0.000000 0.000000 0.000000 0.000000 0.000000 0.000000 0.000000 0.000000 0.000000 0.000000 238.500000 
0.000000 0.000000 0.000000 0.000000 0.000000 0.000000 0.000000 0.000000 0.000000 0.000000 0.000000 239.250000 
0.000000 0.000000 0.000000 0.000000 0.000000 0.000000 0.000000 0.000000 0.000000 0.000000 0.000000 240.000000 
0.000000 0.000000 0.000000 0.000000 0.000000 0.000000 0.000000 0.000000 0.000000 0.000000 0.000000 240.750000 
0.000000 0.000000 0.000000 0.000000 0.000000 0.000000 0.000000 0.000000 0.000000 0.000000 0.000000 241.500000 
0.000000 0.000000 0.000000 0.000000 0.000000 0.000000 0.000000 0.000000 0.000000 0.000000 0.000000 242.250000 
0.000000 0.000000 0.000000 0.000000 0.000000 0.000000 0.000000 0.000000 0.000000 0.000000 0.000000 243.000000 
0.000000 0.000000 0.000000 0.000000 0.000000 0.000000 0.000000 0.000000 0.000000 0.000000 0.000000 243.750000 
0.000000 0.000000 0.000000 0.000000 0.000000 0.000000 0.000000 0.000000 0.000000 0.000000 0.000000 244.500000 
0.000000 0.000000 0.000000 0.000000 0.000000 0.000000 0.000000 0.000000 0.000000 0.000000 0.000000 245.250000 
0.000000 0.000000 0.000000 0.000000 0.000000 0.000000 0.000000 0.000000 0.000000 0.000000 0.000000 246.000000 
0.000000 0.000000 0.000000 0.000000 0.000000 0.000000 0.000000 0.000000 0.000000 0.000000 0.000000 246.750000 
0.000000 0.000000 0.000000 0.000000 0.000000 0.000000 0.000000 0.000000 0.000000 0.000000 0.000000 247.500000 
0.000000 0.000000 0.000000 0.000000 0.000000 0.000000 0.000000 0.000000 0.000000 0.000000 0.000000 248.250000 
0.000000 0.000000 0.000000 0.000000 0.000000 0.000000 0.000000 0.000000 0.000000 0.000000 0.000000 249.000000 
0.000000 0.000000 0.000000 0.000000 0.000000 0.000000 0.000000 0.000000 0.000000 0.000000 0.000000 249.750000 
0.000000 0.000000 0.000000 0.000000 0.000000 0.000000 0.000000 0.000000 0.000000 0.000000 0.000000 250.500000 
0.000000 0.000000 0.000000 0.000000 0.000000 0.000000 0.000000 0.000000 0.000000 0.000000 0.000000 251.250000 
0.000000 0.000000 0.000000 0.000000 0.000000 0.000000 0.000000 0.000000 0.000000 0.000000 0.000000 252.000000 
0.000000 0.000000 0.000000 0.000000 0.000000 0.000000 0.000000 0.000000 0.000000 0.000000 0.000000 252.750000 
0.000000 0.000000 0.000000 0.000000 0.000000 0.000000 0.000000 0.000000 0.000000 0.000000 0.000000 253.500000 
0.000000 0.000000 0.000000 0.000000 0.000000 0.000000 0.000000 0.000000 0.000000 0.000000 0.000000 254.250000 
0.000000 0.000000 0.000000 0.000000 0.000000 0.000000 0.000000 0.000000 0.000000 0.000000 0.000000 255.000000 
0.000000 0.000000 0.000000 0.000000 0.000000 0.000000 0.000000 0.000000 0.000000 0.000000 0.000000 255.750000 
0.000000 0.000000 0.000000 0.000000 0.000000 0.000000 0.000000 0.000000 0.000000 0.000000 0.000000 256.500000 
0.000000 0.000000 0.000000 0.000000 0.000000 0.000000 0.000000 0.000000 0.000000 0.000000 0.000000 257.250000 
0.000000 0.000000 0.000000 0.000000 0.000000 0.000000 0.000000 0.000000 0.000000 0.000000 0.000000 258.000000 
0.000000 0.000000 0.000000 0.000000 0.000000 0.000000 0.000000 0.000000 0.000000 0.000000 0.000000 258.750000 
0.000000 0.000000 0.000000 0.000000 0.000000 0.000000 0.000000 0.000000 0.000000 0.000000 0.000000 259.500000 
0.000000 0.000000 0.000000 0.000000 0.000000 0.000000 0.000000 0.000000 0.000000 0.000000 0.000000 260.250000 
0.000000 0.000000 0.000000 0.000000 0.000000 0.000000 0.000000 0.000000 0.000000 0.000000 0.000000 261.000000 
0.000000 0.000000 0.000000 0.000000 0.000000 0.000000 0.000000 0.000000 0.000000 0.000000 0.000000 261.750000 
0.000000 0.000000 0.000000 0.000000 0.000000 0.000000 0.000000 0.000000 0.000000 0.000000 0.000000 262.500000 
0.000000 0.000000 0.000000 0.000000 0.000000 0.000000 0.000000 0.000000 0.000000 0.000000 0.000000 263.250000 
0.000000 0.000000 0.000000 0.000000 0.000000 0.000000 0.000000 0.000000 0.000000 0.000000 0.000000 264.000000 
0.000000 0.000000 0.000000 0.000000 0.000000 0.000000 0.000000 0.000000 0.000000 0.000000 0.000000 264.750000 
0.000000 0.000000 0.000000 0.000000 0.000000 0.000000 0.000000 0.000000 0.000000 0.000000 0.000000 265.500000 
0.000000 0.000000 0.000000 0.000000 0.000000 0.000000 0.000000 0.000000 0.000000 0.000000 0.000000 266.250000 
0.000000 0.000000 0.000000 0.000000 0.000000 0.000000 0.000000 0.000000 0.000000 0.000000 0.000000 267.000000 
0.000000 0.000000 0.000000 0.000000 0.000000 0.000000 0.000000 0.000000 0.000000 0.000000 0.000000 267.750000 
0.000000 0.000000 0.000000 0.000000 0.000000 0.000000 0.000000 0.000000 0.000000 0.000000 0.000000 268.500000 
0.000000 0.000000 0.000000 0.000000 0.000000 0.000000 0.000000 0.000000 0.000000 0.000000 0.000000 269.250000 
0.000000 0.000000 0.000000 0.000000 0.000000 0.000000 0.000000 0.000000 0.000000 0.000000 0.000000 270.000000 
0.000000 0.000000 0.000000 0.000000 0.000000 0.000000 0.000000 0.000000 0.000000 0.000000 0.000000 270.750000 
0.000000 0.000000 0.000000 0.000000 0.000000 0.000000 0.000000 0.000000 0.000000 0.000000 0.000000 271.500000 
0.000000 0.000000 0.000000 0.000000 0.000000 0.000000 0.000000 0.000000 0.000000 0.000000 0.000000 272.250000 
0.000000 0.000000 0.000000 0.000000 0.000000 0.000000 0.000000 0.000000 0.000000 0.000000 0.000000 273.000000 
0.000000 0.000000 0.000000 0.000000 0.000000 0.000000 0.000000 0.000000 0.000000 0.000000 0.000000 273.750000 
0.000000 0.000000 0.000000 0.000000 0.000000 0.000000 0.000000 0.000000 0.000000 0.000000 0.000000 274.500000 
0.000000 0.000000 0.000000 0.000000 0.000000 0.000000 0.000000 0.000000 0.000000 0.000000 0.000000 275.250000 
0.000000 0.000000 0.000000 0.000000 0.000000 0.000000 0.000000 0.000000 0.000000 0.000000 0.000000 276.000000 
0.000000 0.000000 0.000000 0.000000 0.000000 0.000000 0.000000 0.000000 0.000000 0.000000 0.000000 276.750000 
0.000000 0.000000 0.000000 0.000000 0.000000 0.000000 0.000000 0.000000 0.000000 0.000000 0.000000 277.500000 
0.000000 0.000000 0.000000 0.000000 0.000000 0.000000 0.000000 0.000000 0.000000 0.000000 0.000000 278.250000 
0.000000 0.000000 0.000000 0.000000 0.000000 0.000000 0.000000 0.000000 0.000000 0.000000 0.000000 279.000000 
0.000000 0.000000 0.000000 0.000000 0.000000 0.000000 0.000000 0.000000 0.000000 0.000000 0.000000 279.750000 
0.000000 0.000000 0.000000 0.000000 0.000000 0.000000 0.000000 0.000000 0.000000 0.000000 0.000000 280.500000 
0.000000 0.000000 0.000000 0.000000 0.000000 0.000000 0.000000 0.000000 0.000000 0.000000 0.000000 281.250000 
0.000000 0.000000 0.000000 0.000000 0.000000 0.000000 0.000000 0.000000 0.000000 0.000000 0.000000 282.000000 
0.000000 0.000000 0.000000 0.000000 0.000000 0.000000 0.000000 0.000000 0.000000 0.000000 0.000000 282.750000 
0.000000 0.000000 0.000000 0.000000 0.000000 0.000000 0.000000 0.000000 0.000000 0.000000 0.000000 283.500000 
0.000000 0.000000 0.000000 0.000000 0.000000 0.000000 0.000000 0.000000 0.000000 0.000000 0.000000 284.250000 
0.000000 0.000000 0.000000 0.000000 0.000000 0.000000 0.000000 0.000000 0.000000 0.000000 0.000000 285.000000 
0.000000 0.000000 0.000000 0.000000 0.000000 0.000000 0.000000 0.000000 0.000000 0.000000 0.000000 285.750000 
0.000000 0.000000 0.000000 0.000000 0.000000 0.000000 0.000000 0.000000 0.000000 0.000000 0.000000 286.500000 
0.000000 0.000000 0.000000 0.000000 0.000000 0.000000 0.000000 0.000000 0.000000 0.000000 0.000000 287.250000 
0.000000 0.000000 0.000000 0.000000 0.000000 0.000000 0.000000 0.000000 0.000000 0.000000 0.000000 288.000000 
0.000000 0.000000 0.000000 0.000000 0.000000 0.000000 0.000000 0.000000 0.000000 0.000000 0.000000 288.750000 
0.000000 0.000000 0.000000 0.000000 0.000000 0.000000 0.000000 0.000000 0.000000 0.000000 0.000000 289.500000 
0.000000 0.000000 0.000000 0.000000 0.000000 0.000000 0.000000 0.000000 0.000000 0.000000 0.000000 290.250000 
0.000000 0.000000 0.000000 0.000000 0.000000 0.000000 0.000000 0.000000 0.000000 0.000000 0.000000 291.000000 
0.000000 0.000000 0.000000 0.000000 0.000000 0.000000 0.000000 0.000000 0.000000 0.000000 0.000000 291.750000 
0.000000 0.000000 0.000000 0.000000 0.000000 0.000000 0.000000 0.000000 0.000000 0.000000 0.000000 292.500000 
0.000000 0.000000 0.000000 0.000000 0.000000 0.000000 0.000000 0.000000 0.000000 0.000000 0.000000 293.250000 
0.000000 0.000000 0.000000 0.000000 0.000000 0.000000 0.000000 0.000000 0.000000 0.000000 0.000000 294.000000 
0.000000 0.000000 0.000000 0.000000 0.000000 0.000000 0.000000 0.000000 0.000000 0.000000 0.000000 294.750000 
0.000000 0.000000 0.000000 0.000000 0.000000 0.000000 0.000000 0.000000 0.000000 0.000000 0.000000 295.500000 
0.000000 0.000000 0.000000 0.000000 0.000000 0.000000 0.000000 0.000000 0.000000 0.000000 0.000000 296.250000 
0.000000 0.000000 0.000000 0.000000 0.000000 0.000000 0.000000 0.000000 0.000000 0.000000 0.000000 297.000000 
0.000000 0.000000 0.000000 0.000000 0.000000 0.000000 0.000000 0.000000 0.000000 0.000000 0.000000 297.750000 
0.000000 0.000000 0.000000 0.000000 0.000000 0.000000 0.000000 0.000000 0.000000 0.000000 0.000000 298.500000 
0.000000 0.000000 0.000000 0.000000 0.000000 0.000000 0.000000 0.000000 0.000000 0.000000 0.000000 299.250000 
0.000000 0.000000 0.000000 0.000000 0.000000 0.000000 0.000000 0.000000 0.000000 0.000000 0.000000 300.000000 
