0.000000 0.003558 0.004826 0.006095 0.007364 0.008632 0.009901 0.011170 0.012438 0.013707 0.014975 0.000000 
0.000000 0.003669 0.004938 0.006206 0.007475 0.008744 0.010012 0.011281 0.012550 0.013818 0.015087 0.750000 
0.000000 0.003996 0.005265 0.006533 0.007802 0.009071 0.010339 0.011608 0.012877 0.014145 0.015414 1.500000 
0.000000 0.004530 0.005799 0.007067 0.008336 0.009605 0.010873 0.012142 0.013410 0.014679 0.015948 2.250000 
0.000000 0.005254 0.006522 0.007791 0.009060 0.010328 0.011597 0.012866 0.014134 0.015403 0.016672 3.000000 
0.000000 0.006141 0.007410 0.008679 0.009947 0.011216 0.012484 0.013753 0.015022 0.016290 0.017559 3.750000 
0.000000 0.007157 0.008426 0.009695 0.010963 0.012232 0.013500 0.014769 0.016038 0.017306 0.018575 4.500000 
0.000000 0.008260 0.009528 0.010797 0.012066 0.013334 0.014603 0.015871 0.017140 0.018409 0.019677 5.250000 
0.000000 0.009402 0.010671 0.011940 0.013208 0.014477 0.015745 0.017014 0.018283 0.019551 0.020820 6.000000 
0.000000 0.010541 0.011809 0.013078 0.014347 0.015615 0.016884 0.018152 0.019421 0.020690 0.021958 6.750000 
0.000000 0.011636 0.012905 0.014173 0.015442 0.016711 0.017979 0.019248 0.020517 0.021785 0.023054 7.500000 
0.000000 0.012660 0.013928 0.015197 0.016466 0.017734 0.019003 0.020272 0.021540 0.022809 0.024078 8.250000 
0.000000 0.013594 0.014863 0.016131 0.017400 0.018669 0.019937 0.021206 0.022475 0.023743 0.025012 9.000000 
0.000000 0.014433 0.015701 0.016970 0.018239 0.019507 0.020776 0.022045 0.023313 0.024582 0.025851 9.750000 
0.000000 0.015177 0.016446 0.017715 0.018983 0.020252 0.021521 0.022789 0.024058 0.025327 0.026596 10.500000 
0.000000 0.015836 0.017105 0.018374 0.019642 0.020911 0.022179 0.023448 0.024717 0.025985 0.027255 11.250000 
0.000000 0.016420 0.017689 0.018957 0.020226 0.021495 0.022763 0.024032 0.025300 0.026569 0.027839 12.000000 
0.000000 0.016940 0.018209 0.019478 0.020746 0.022015 0.023284 0.024552 0.025821 0.027090 0.028359 12.750000 
0.000000 0.017409 0.018677 0.019946 0.021215 0.022483 0.023752 0.025021 0.026289 0.027559 0.028827 13.500000 
0.000000 0.017835 0.019104 0.020372 0.021641 0.022910 0.024178 0.025447 0.026716 0.027985 0.029254 14.250000 
0.000000 0.018228 0.019497 0.020765 0.022034 0.023302 0.024571 0.025840 0.027108 0.028378 0.029647 15.000000 
0.000000 0.018593 0.019862 0.021131 0.022399 0.023668 0.024937 0.026205 0.027474 0.028744 0.030012 15.750000 
0.000000 0.018935 0.020204 0.021473 0.022741 0.024010 0.025279 0.026547 0.027817 0.029086 0.030355 16.500000 
0.000000 0.019256 0.020525 0.021793 0.023062 0.024331 0.025599 0.026868 0.028138 0.029406 0.030675 17.250000 
0.000000 0.019555 0.020824 0.022092 0.023361 0.024629 0.025898 0.027167 0.028437 0.029705 0.030974 18.000000 
0.000000 0.019831 0.021099 0.022368 0.023637 0.024905 0.026174 0.027444 0.028713 0.029981 0.031250 18.750000 
0.000000 0.020082 0.021351 0.022620 0.023888 0.025157 0.026426 0.027696 0.028964 0.030233 0.031502 19.500000 
0.000000 0.020310 0.021579 0.022847 0.024116 0.025385 0.026653 0.027923 0.029192 0.030461 0.031730 20.250000 
0.000000 0.020515 0.021784 0.023053 0.024321 0.025590 0.026860 0.028129 0.029398 0.030666 0.031935 21.000000 
0.000000 0.020702 0.021970 0.023239 0.024508 0.025777 0.027047 0.028316 0.029584 0.030853 0.032122 21.750000 
0.000000 0.020876 0.022145 0.023414 0.024683 0.025951 0.027222 0.028490 0.029759 0.031028 0.032297 22.500000 
0.000000 0.021049 0.022319 0.023587 0.024856 0.026126 0.027395 0.028664 0.029933 0.031202 0.032471 23.250000 
0.000000 0.021242 0.022511 0.023779 0.025048 0.026318 0.027587 0.028856 0.030125 0.031394 0.032663 24.000000 
0.000000 0.021492 0.022761 0.024030 0.025300 0.026569 0.027838 0.029107 0.030376 0.031645 0.032913 24.750000 
0.000000 0.021925 0.023194 0.024463 0.025733 0.027002 0.028271 0.029540 0.030809 0.032078 0.033346 25.500000 
0.000000 0.024323 0.025592 0.026861 0.028131 0.029400 0.030669 0.031938 0.033207 0.034476 0.035744 26.250000 
0.012354 0.019522 0.020790 0.022061 0.023330 0.024599 0.025868 0.027137 0.028406 0.029675 0.030943 27.000000 
0.003647 0.007886 0.009155 0.010426 0.011695 0.012964 0.014233 0.015501 0.016770 0.018039 0.019308 27.750000 
0.003647 0.006601 0.007873 0.009142 0.010411 0.011680 0.012949 0.014218 0.015486 0.016755 0.018024 28.500000 
0.003647 0.006460 0.007732 0.009001 0.010270 0.011539 0.012808 0.014077 0.015346 0.016614 0.017883 29.250000 
0.003647 0.006451 0.007721 0.008990 0.010259 0.011528 0.012796 0.014065 0.015334 0.016603 0.017872 30.000000 
0.003647 0.006481 0.007750 0.009019 0.010288 0.011557 0.012826 0.014095 0.015364 0.016633 0.017902 30.750000 
0.003647 0.006753 0.008022 0.009292 0.010561 0.011829 0.013098 0.014367 0.015636 0.016905 0.018174 31.500000 
0.003647 0.009154 0.010423 0.011693 0.012962 0.014231 0.015499 0.016768 0.018037 0.019306 0.020575 32.250000 
0.012354 0.025720 0.026989 0.028258 0.029527 0.030796 0.032065 0.033334 0.034603 0.035872 0.037141 33.000000 
0.000000 0.023296 0.024566 0.025835 0.027104 0.028373 0.029642 0.030911 0.032180 0.033449 0.034717 33.750000 
0.000000 0.023033 0.024302 0.025571 0.026841 0.028110 0.029378 0.030647 0.031916 0.033185 0.034454 34.500000 
0.000000 0.022982 0.024252 0.025521 0.026790 0.028059 0.029328 0.030597 0.031866 0.033135 0.034404 35.250000 
0.000000 0.023014 0.024284 0.025553 0.026822 0.028091 0.029360 0.030629 0.031898 0.033167 0.034436 36.000000 
0.000000 0.023085 0.024355 0.025625 0.026894 0.028163 0.029432 0.030701 0.031970 0.033238 0.034507 36.750000 
0.000000 0.023178 0.024448 0.025717 0.026987 0.028256 0.029525 0.030794 0.032063 0.033331 0.034600 37.500000 
0.000000 0.023284 0.024555 0.025824 0.027093 0.028362 0.029631 0.030900 0.032169 0.033438 0.034707 38.250000 
0.000000 0.023401 0.024672 0.025941 0.027210 0.028479 0.029748 0.031017 0.032286 0.033555 0.034824 39.000000 
0.000000 0.023527 0.024797 0.026067 0.027336 0.028605 0.029874 0.031143 0.032412 0.033681 0.034950 39.750000 
0.000000 0.023658 0.024928 0.026198 0.027467 0.028737 0.030006 0.031275 0.032544 0.033813 0.035082 40.500000 
0.000000 0.023791 0.025061 0.026331 0.027600 0.028870 0.030139 0.031408 0.032677 0.033946 0.035215 41.250000 
0.000000 0.023919 0.025190 0.026460 0.027730 0.028999 0.030268 0.031537 0.032806 0.034075 0.035344 42.000000 
0.000000 0.024039 0.025310 0.026580 0.027850 0.029119 0.030388 0.031657 0.032926 0.034195 0.035464 42.750000 
0.000000 0.024146 0.025418 0.026688 0.027958 0.029227 0.030496 0.031765 0.033034 0.034303 0.035572 43.500000 
0.000000 0.024240 0.025512 0.026783 0.028052 0.029321 0.030591 0.031860 0.033129 0.034398 0.035667 44.250000 
0.000000 0.024321 0.025594 0.026864 0.028134 0.029403 0.030673 0.031942 0.033211 0.034480 0.035749 45.000000 
0.000000 0.024393 0.025666 0.026936 0.028206 0.029475 0.030745 0.032014 0.033283 0.034552 0.035821 45.750000 
0.000000 0.024457 0.025731 0.027001 0.028271 0.029541 0.030810 0.032079 0.033348 0.034617 0.035886 46.500000 
0.000000 0.024517 0.025792 0.027063 0.028333 0.029602 0.030872 0.032141 0.033410 0.034679 0.035948 47.250000 
0.000000 0.024577 0.025852 0.027123 0.028393 0.029663 0.030932 0.032202 0.033471 0.034740 0.036009 48.000000 
0.000000 0.024637 0.025914 0.027185 0.028455 0.029725 0.030994 0.032263 0.033532 0.034802 0.036071 48.750000 
0.000000 0.024697 0.025977 0.027248 0.028518 0.029788 0.031058 0.032327 0.033596 0.034865 0.036134 49.500000 
0.000000 0.024757 0.026041 0.027313 0.028583 0.029853 0.031122 0.032392 0.033661 0.034930 0.036199 50.250000 
0.000000 0.024813 0.026106 0.027378 0.028649 0.029918 0.031188 0.032457 0.033727 0.034996 0.036265 51.000000 
0.000000 0.024858 0.026170 0.027442 0.028713 0.029983 0.031252 0.032522 0.033791 0.035060 0.036329 51.750000 
0.000000 0.024881 0.026231 0.027504 0.028775 0.030045 0.031315 0.032584 0.033854 0.035123 0.036392 52.500000 
0.000000 0.024863 0.026290 0.027563 0.028834 0.030104 0.031374 0.032644 0.033913 0.035182 0.036451 53.250000 
0.000000 0.024773 0.026345 0.027618 0.028890 0.030160 0.031430 0.032699 0.033969 0.035238 0.036507 54.000000 
0.000000 0.024564 0.026396 0.027670 0.028942 0.030212 0.031482 0.032752 0.034021 0.035290 0.036559 54.750000 
0.000000 0.024168 0.026444 0.027719 0.028991 0.030261 0.031531 0.032801 0.034070 0.035340 0.036609 55.500000 
0.000000 0.023505 0.026490 0.027766 0.029038 0.030309 0.031579 0.032848 0.034118 0.035387 0.036657 56.250000 
0.000000 0.022486 0.026534 0.027812 0.029084 0.030355 0.031625 0.032895 0.034164 0.035434 0.036703 57.000000 
0.000000 0.021043 0.026577 0.027857 0.029129 0.030400 0.031670 0.032940 0.034210 0.035479 0.036749 57.750000 
0.000000 0.019153 0.026619 0.027901 0.029174 0.030445 0.031716 0.032986 0.034255 0.035525 0.036794 58.500000 
0.000000 0.016862 0.026659 0.027946 0.029219 0.030490 0.031761 0.033031 0.034301 0.035570 0.036840 59.250000 
0.000000 0.014293 0.026695 0.027990 0.029264 0.030535 0.031806 0.033076 0.034346 0.035615 0.036885 60.000000 
0.000000 0.011625 0.026724 0.028033 0.029308 0.030580 0.031850 0.033121 0.034391 0.035660 0.036930 60.750000 
0.000000 0.009057 0.026740 0.028075 0.029351 0.030623 0.031894 0.033165 0.034435 0.035704 0.036974 61.500000 
0.000000 0.006758 0.026733 0.028117 0.029393 0.030666 0.031937 0.033208 0.034478 0.035747 0.037017 62.250000 
0.000000 0.004835 0.026687 0.028157 0.029435 0.030708 0.031979 0.033250 0.034520 0.035790 0.037060 63.000000 
0.000000 0.003324 0.026578 0.028197 0.029476 0.030749 0.032021 0.033292 0.034562 0.035832 0.037102 63.750000 
0.000000 0.002202 0.026369 0.028235 0.029516 0.030790 0.032062 0.033333 0.034603 0.035873 0.037143 64.500000 
0.000000 0.001411 0.026013 0.028271 0.029556 0.030830 0.032102 0.033373 0.034644 0.035914 0.037184 65.250000 
0.000000 0.000878 0.025449 0.028306 0.029595 0.030870 0.032142 0.033414 0.034684 0.035955 0.037224 66.000000 
0.000000 0.000531 0.024615 0.028336 0.029634 0.030910 0.032182 0.033454 0.034725 0.035995 0.037265 66.750000 
0.000000 0.000314 0.023451 0.028360 0.029672 0.030949 0.032222 0.033494 0.034765 0.036035 0.037305 67.500000 
0.000000 0.000182 0.021920 0.028374 0.029710 0.030988 0.032262 0.033534 0.034805 0.036076 0.037346 68.250000 
0.000000 0.000103 0.020020 0.028368 0.029748 0.031027 0.032302 0.033574 0.034845 0.036116 0.037386 69.000000 
0.000000 0.000058 0.017801 0.028332 0.029785 0.031066 0.032341 0.033614 0.034886 0.036156 0.037427 69.750000 
0.000000 0.000032 0.015358 0.028246 0.029821 0.031106 0.032381 0.033654 0.034926 0.036197 0.037468 70.500000 
0.000000 0.000017 0.012826 0.028084 0.029855 0.031145 0.032421 0.033695 0.034967 0.036238 0.037509 71.250000 
0.000000 0.000009 0.010353 0.027808 0.029887 0.031184 0.032462 0.033736 0.035008 0.036279 0.037550 72.000000 
0.000000 0.000005 0.008073 0.027374 0.029914 0.031224 0.032502 0.033777 0.035050 0.036321 0.037592 72.750000 
0.000000 0.000003 0.006083 0.026728 0.029932 0.031263 0.032544 0.033819 0.035092 0.036364 0.037635 73.500000 
0.000000 0.000001 0.004433 0.025814 0.029936 0.031303 0.032586 0.033861 0.035135 0.036407 0.037678 74.250000 
0.000000 0.000001 0.003131 0.024588 0.029916 0.031342 0.032628 0.033905 0.035179 0.036451 0.037723 75.000000 
0.000000 0.000000 0.002147 0.023021 0.029858 0.031381 0.032671 0.033949 0.035223 0.036496 0.037768 75.750000 
0.000000 0.000000 0.001432 0.021118 0.029740 0.031417 0.032715 0.033994 0.035269 0.036543 0.037815 76.500000 
0.000000 0.000000 0.000932 0.018923 0.029535 0.031449 0.032760 0.034041 0.035317 0.036590 0.037863 77.250000 
0.000000 0.000000 0.000593 0.016518 0.029205 0.031474 0.032806 0.034089 0.035365 0.036639 0.037912 78.000000 
0.000000 0.000000 0.000369 0.014018 0.028706 0.031487 0.032852 0.034138 0.035415 0.036690 0.037963 78.750000 
0.000000 0.000000 0.000226 0.011549 0.027988 0.031478 0.032898 0.034189 0.035467 0.036743 0.038016 79.500000 
0.000000 0.000000 0.000136 0.009231 0.027003 0.031436 0.032943 0.034241 0.035521 0.036797 0.038071 80.250000 
0.000000 0.000000 0.000080 0.007158 0.025710 0.031343 0.032985 0.034295 0.035577 0.036854 0.038129 81.000000 
0.000000 0.000000 0.000047 0.005388 0.024091 0.031173 0.033022 0.034351 0.035636 0.036914 0.038189 81.750000 
0.000000 0.000000 0.000027 0.003942 0.022152 0.030894 0.033049 0.034407 0.035697 0.036976 0.038252 82.500000 
0.000000 0.000000 0.000015 0.002806 0.019936 0.030466 0.033058 0.034465 0.035760 0.037041 0.038318 83.250000 
0.000000 0.000000 0.000009 0.001947 0.017521 0.029845 0.033040 0.034521 0.035826 0.037109 0.038387 84.000000 
0.000000 0.000000 0.000005 0.001319 0.015009 0.028982 0.032977 0.034575 0.035895 0.037181 0.038460 84.750000 
0.000000 0.000000 0.000003 0.000875 0.012517 0.027835 0.032849 0.034623 0.035966 0.037257 0.038537 85.500000 
0.000000 0.000000 0.000001 0.000568 0.010154 0.026375 0.032627 0.034659 0.036039 0.037336 0.038619 86.250000 
0.000000 0.000000 0.000001 0.000362 0.008013 0.024593 0.032276 0.034675 0.036113 0.037420 0.038705 87.000000 
0.000000 0.000000 0.000000 0.000227 0.006152 0.022512 0.031754 0.034658 0.036185 0.037508 0.038797 87.750000 
0.000000 0.000000 0.000000 0.000140 0.004600 0.020183 0.031014 0.034591 0.036252 0.037599 0.038894 88.500000 
0.000000 0.000000 0.000000 0.000085 0.003353 0.017688 0.030013 0.034450 0.036309 0.037693 0.038996 89.250000 
0.000000 0.000000 0.000000 0.000051 0.002386 0.015131 0.028715 0.034206 0.036347 0.037789 0.039105 90.000000 
0.000000 0.000000 0.000000 0.000030 0.001660 0.012622 0.027098 0.033821 0.036354 0.037884 0.039220 90.750000 
0.000000 0.000000 0.000000 0.000018 0.001131 0.010260 0.025165 0.033252 0.036313 0.037973 0.039339 91.500000 
0.000000 0.000000 0.000000 0.000010 0.000755 0.008129 0.022948 0.032454 0.036201 0.038049 0.039463 92.250000 
0.000000 0.000000 0.000000 0.000006 0.000495 0.006278 0.020507 0.031385 0.035988 0.038104 0.039587 93.000000 
0.000000 0.000000 0.000000 0.000003 0.000319 0.004730 0.017929 0.030011 0.035638 0.038122 0.039710 93.750000 
0.000000 0.000000 0.000000 0.000002 0.000203 0.003481 0.015317 0.028314 0.035108 0.038083 0.039823 94.500000 
0.000000 0.000000 0.000000 0.000001 0.000127 0.002504 0.012775 0.026301 0.034355 0.037962 0.039917 95.250000 
0.000000 0.000000 0.000000 0.000001 0.000078 0.001764 0.010399 0.024005 0.033333 0.037726 0.039979 96.000000 
0.000000 0.000000 0.000000 0.000000 0.000048 0.001218 0.008261 0.021489 0.032007 0.037335 0.039988 96.750000 
0.000000 0.000000 0.000000 0.000000 0.000029 0.000825 0.006407 0.018838 0.030355 0.036745 0.039920 97.500000 
0.000000 0.000000 0.000000 0.000000 0.000017 0.000549 0.004855 0.016154 0.028375 0.035910 0.039741 98.250000 
0.000000 0.000000 0.000000 0.000000 0.000010 0.000360 0.003597 0.013539 0.026094 0.034788 0.039413 99.000000 
0.000000 0.000000 0.000000 0.000000 0.000006 0.000232 0.002609 0.011087 0.023565 0.033345 0.038891 99.750000 
0.000000 0.000000 0.000000 0.000000 0.000003 0.000148 0.001855 0.008870 0.020868 0.031563 0.038127 100.500000 
0.000000 0.000000 0.000000 0.000000 0.000002 0.000093 0.001294 0.006936 0.018098 0.029449 0.037076 101.250000 
0.000000 0.000000 0.000000 0.000000 0.000001 0.000058 0.000886 0.005304 0.015358 0.027033 0.035701 102.000000 
0.000000 0.000000 0.000000 0.000000 0.000001 0.000035 0.000597 0.003970 0.012747 0.024376 0.033977 102.750000 
0.000000 0.000000 0.000000 0.000000 0.000000 0.000022 0.000396 0.002911 0.010346 0.021562 0.031902 103.500000 
0.000000 0.000000 0.000000 0.000000 0.000000 0.000013 0.000259 0.002093 0.008213 0.018690 0.029501 104.250000 
0.000000 0.000000 0.000000 0.000000 0.000000 0.000008 0.000167 0.001477 0.006380 0.015862 0.026824 105.000000 
0.000000 0.000000 0.000000 0.000000 0.000000 0.000005 0.000107 0.001025 0.004852 0.013176 0.023949 105.750000 
0.000000 0.000000 0.000000 0.000000 0.000000 0.000003 0.000067 0.000700 0.003617 0.010711 0.020972 106.500000 
0.000000 0.000000 0.000000 0.000000 0.000000 0.000002 0.000042 0.000470 0.002644 0.008523 0.017997 107.250000 
0.000000 0.000000 0.000000 0.000000 0.000000 0.000001 0.000026 0.000312 0.001898 0.006642 0.015128 108.000000 
0.000000 0.000000 0.000000 0.000000 0.000000 0.000001 0.000016 0.000204 0.001339 0.005072 0.012453 108.750000 
0.000000 0.000000 0.000000 0.000000 0.000000 0.000000 0.000009 0.000132 0.000930 0.003798 0.010040 109.500000 
0.000000 0.000000 0.000000 0.000000 0.000000 0.000000 0.000006 0.000084 0.000635 0.002791 0.007929 110.250000 
0.000000 0.000000 0.000000 0.000000 0.000000 0.000000 0.000003 0.000053 0.000428 0.002016 0.006139 111.000000 
0.000000 0.000000 0.000000 0.000000 0.000000 0.000000 0.000002 0.000033 0.000285 0.001431 0.004661 111.750000 
0.000000 0.000000 0.000000 0.000000 0.000000 0.000000 0.000001 0.000021 0.000187 0.001000 0.003475 112.500000 
0.000000 0.000000 0.000000 0.000000 0.000000 0.000000 0.000001 0.000013 0.000121 0.000689 0.002545 113.250000 
0.000000 0.000000 0.000000 0.000000 0.000000 0.000000 0.000000 0.000008 0.000078 0.000468 0.001833 114.000000 
0.000000 0.000000 0.000000 0.000000 0.000000 0.000000 0.000000 0.000005 0.000049 0.000314 0.001299 114.750000 
0.000000 0.000000 0.000000 0.000000 0.000000 0.000000 0.000000 0.000003 0.000031 0.000208 0.000907 115.500000 
0.000000 0.000000 0.000000 0.000000 0.000000 0.000000 0.000000 0.000002 0.000019 0.000136 0.000625 116.250000 
0.000000 0.000000 0.000000 0.000000 0.000000 0.000000 0.000000 0.000001 0.000012 0.000088 0.000425 117.000000 
0.000000 0.000000 0.000000 0.000000 0.000000 0.000000 0.000000 0.000001 0.000007 0.000056 0.000285 117.750000 
0.000000 0.000000 0.000000 0.000000 0.000000 0.000000 0.000000 0.000000 0.000004 0.000036 0.000189 118.500000 
0.000000 0.000000 0.000000 0.000000 0.000000 0.000000 0.000000 0.000000 0.000003 0.000022 0.000124 119.250000 
0.000000 0.000000 0.000000 0.000000 0.000000 0.000000 0.000000 0.000000 0.000002 0.000014 0.000080 120.000000 
0.000000 0.000000 0.000000 0.000000 0.000000 0.000000 0.000000 0.000000 0.000001 0.000009 0.000052 120.750000 
0.000000 0.000000 0.000000 0.000000 0.000000 0.000000 0.000000 0.000000 0.000001 0.000005 0.000033 121.500000 
0.000000 0.000000 0.000000 0.000000 0.000000 0.000000 0.000000 0.000000 0.000000 0.000003 0.000021 122.250000 
0.000000 0.000000 0.000000 0.000000 0.000000 0.000000 0.000000 0.000000 0.000000 0.000002 0.000013 123.000000 
0.000000 0.000000 0.000000 0.000000 0.000000 0.000000 0.000000 0.000000 0.000000 0.000001 0.000008 123.750000 
0.000000 0.000000 0.000000 0.000000 0.000000 0.000000 0.000000 0.000000 0.000000 0.000001 0.000005 124.500000 
0.000000 0.000000 0.000000 0.000000 0.000000 0.000000 0.000000 0.000000 0.000000 0.000000 0.000003 125.250000 
0.000000 0.000000 0.000000 0.000000 0.000000 0.000000 0.000000 0.000000 0.000000 0.000000 0.000002 126.000000 
0.000000 0.000000 0.000000 0.000000 0.000000 0.000000 0.000000 0.000000 0.000000 0.000000 0.000001 126.750000 
0.000000 0.000000 0.000000 0.000000 0.000000 0.000000 0.000000 0.000000 0.000000 0.000000 0.000001 127.500000 
0.000000 0.000000 0.000000 0.000000 0.000000 0.000000 0.000000 0.000000 0.000000 0.000000 0.000000 128.250000 
0.000000 0.000000 0.000000 0.000000 0.000000 0.000000 0.000000 0.000000 0.000000 0.000000 0.000000 129.000000 
0.000000 0.000000 0.000000 0.000000 0.000000 0.000000 0.000000 0.000000 0.000000 0.000000 0.000000 129.750000 
0.000000 0.000000 0.000000 0.000000 0.000000 0.000000 0.000000 0.000000 0.000000 0.000000 0.000000 130.500000 
0.000000 0.000000 0.000000 0.000000 0.000000 0.000000 0.000000 0.000000 0.000000 0.000000 0.000000 131.250000 
0.000000 0.000000 0.000000 0.000000 0.000000 0.000000 0.000000 0.000000 0.000000 0.000000 0.000000 132.000000 
0.000000 0.000000 0.000000 0.000000 0.000000 0.000000 0.000000 0.000000 0.000000 0.000000 0.000000 132.750000 
0.000000 0.000000 0.000000 0.000000 0.000000 0.000000 0.000000 0.000000 0.000000 0.000000 0.000000 133.500000 
0.000000 0.000000 0.000000 0.000000 0.000000 0.000000 0.000000 0.000000 0.000000 0.000000 0.000000 134.250000 
0.000000 0.000000 0.000000 0.000000 0.000000 0.000000 0.000000 0.000000 0.000000 0.000000 0.000000 135.000000 
0.000000 0.000000 0.000000 0.000000 0.000000 0.000000 0.000000 0.000000 0.000000 0.000000 0.000000 135.750000 
0.000000 0.000000 0.000000 0.000000 0.000000 0.000000 0.000000 0.000000 0.000000 0.000000 0.000000 136.500000 
0.000000 0.000000 0.000000 0.000000 0.000000 0.000000 0.000000 0.000000 0.000000 0.000000 0.000000 137.250000 
0.000000 0.000000 0.000000 0.000000 0.000000 0.000000 0.000000 0.000000 0.000000 0.000000 0.000000 138.000000 
0.000000 0.000000 0.000000 0.000000 0.000000 0.000000 0.000000 0.000000 0.000000 0.000000 0.000000 138.750000 
0.000000 0.000000 0.000000 0.000000 0.000000 0.000000 0.000000 0.000000 0.000000 0.000000 0.000000 139.500000 
0.000000 0.000000 0.000000 0.000000 0.000000 0.000000 0.000000 0.000000 0.000000 0.000000 0.000000 140.250000 
0.000000 0.000000 0.000000 0.000000 0.000000 0.000000 0.000000 0.000000 0.000000 0.000000 0.000000 141.000000 
0.000000 0.000000 0.000000 0.000000 0.000000 0.000000 0.000000 0.000000 0.000000 0.000000 0.000000 141.750000 
0.000000 0.000000 0.000000 0.000000 0.000000 0.000000 0.000000 0.000000 0.000000 0.000000 0.000000 142.500000 
0.000000 0.000000 0.000000 0.000000 0.000000 0.000000 0.000000 0.000000 0.000000 0.000000 0.000000 143.250000 
0.000000 0.000000 0.000000 0.000000 0.000000 0.000000 0.000000 0.000000 0.000000 0.000000 0.000000 144.000000 
0.000000 0.000000 0.000000 0.000000 0.000000 0.000000 0.000000 0.000000 0.000000 0.000000 0.000000 144.750000 
0.000000 0.000000 0.000000 0.000000 0.000000 0.000000 0.000000 0.000000 0.000000 0.000000 0.000000 145.500000 
0.000000 0.000000 0.000000 0.000000 0.000000 0.000000 0.000000 0.000000 0.000000 0.000000 0.000000 146.250000 
0.000000 0.000000 0.000000 0.000000 0.000000 0.000000 0.000000 0.000000 0.000000 0.000000 0.000000 147.000000 
0.000000 0.000000 0.000000 0.000000 0.000000 0.000000 0.000000 0.000000 0.000000 0.000000 0.000000 147.750000 
0.000000 0.000000 0.000000 0.000000 0.000000 0.000000 0.000000 0.000000 0.000000 0.000000 0.000000 148.500000 
0.000000 0.000000 0.000000 0.000000 0.000000 0.000000 0.000000 0.000000 0.000000 0.000000 0.000000 149.250000 
0.000000 0.000000 0.000000 0.000000 0.000000 0.000000 0.000000 0.000000 0.000000 0.000000 0.000000 150.000000 
0.000000 0.000000 0.000000 0.000000 0.000000 0.000000 0.000000 0.000000 0.000000 0.000000 0.000000 150.750000 
0.000000 0.000000 0.000000 0.000000 0.000000 0.000000 0.000000 0.000000 0.000000 0.000000 0.000000 151.500000 
0.000000 0.000000 0.000000 0.000000 0.000000 0.000000 0.000000 0.000000 0.000000 0.000000 0.000000 152.250000 
0.000000 0.000000 0.000000 0.000000 0.000000 0.000000 0.000000 0.000000 0.000000 0.000000 0.000000 153.000000 
0.000000 0.000000 0.000000 0.000000 0.000000 0.000000 0.000000 0.000000 0.000000 0.000000 0.000000 153.750000 
0.000000 0.000000 0.000000 0.000000 0.000000 0.000000 0.000000 0.000000 0.000000 0.000000 0.000000 154.500000 
0.000000 0.000000 0.000000 0.000000 0.000000 0.000000 0.000000 0.000000 0.000000 0.000000 0.000000 155.250000 
0.000000 0.000000 0.000000 0.000000 0.000000 0.000000 0.000000 0.000000 0.000000 0.000000 0.000000 156.000000 
0.000000 0.000000 0.000000 0.000000 0.000000 0.000000 0.000000 0.000000 0.000000 0.000000 0.000000 156.750000 
0.000000 0.000000 0.000000 0.000000 0.000000 0.000000 0.000000 0.000000 0.000000 0.000000 0.000000 157.500000 
0.000000 0.000000 0.000000 0.000000 0.000000 0.000000 0.000000 0.000000 0.000000 0.000000 0.000000 158.250000 
0.000000 0.000000 0.000000 0.000000 0.000000 0.000000 0.000000 0.000000 0.000000 0.000000 0.000000 159.000000 
0.000000 0.000000 0.000000 0.000000 0.000000 0.000000 0.000000 0.000000 0.000000 0.000000 0.000000 159.750000 
0.000000 0.000000 0.000000 0.000000 0.000000 0.000000 0.000000 0.000000 0.000000 0.000000 0.000000 160.500000 
0.000000 0.000000 0.000000 0.000000 0.000000 0.000000 0.000000 0.000000 0.000000 0.000000 0.000000 161.250000 
0.000000 0.000000 0.000000 0.000000 0.000000 0.000000 0.000000 0.000000 0.000000 0.000000 0.000000 162.000000 
0.000000 0.000000 0.000000 0.000000 0.000000 0.000000 0.000000 0.000000 0.000000 0.000000 0.000000 162.750000 
0.000000 0.000000 0.000000 0.000000 0.000000 0.000000 0.000000 0.000000 0.000000 0.000000 0.000000 163.500000 
0.000000 0.000000 0.000000 0.000000 0.000000 0.000000 0.000000 0.000000 0.000000 0.000000 0.000000 164.250000 
0.000000 0.000000 0.000000 0.000000 0.000000 0.000000 0.000000 0.000000 0.000000 0.000000 0.000000 165.000000 
0.000000 0.000000 0.000000 0.000000 0.000000 0.000000 0.000000 0.000000 0.000000 0.000000 0.000000 165.750000 
0.000000 0.000000 0.000000 0.000000 0.000000 0.000000 0.000000 0.000000 0.000000 0.000000 0.000000 166.500000 
0.000000 0.000000 0.000000 0.000000 0.000000 0.000000 0.000000 0.000000 0.000000 0.000000 0.000000 167.250000 
0.000000 0.000000 0.000000 0.000000 0.000000 0.000000 0.000000 0.000000 0.000000 0.000000 0.000000 168.000000 
0.000000 0.000000 0.000000 0.000000 0.000000 0.000000 0.000000 0.000000 0.000000 0.000000 0.000000 168.750000 
0.000000 0.000000 0.000000 0.000000 0.000000 0.000000 0.000000 0.000000 0.000000 0.000000 0.000000 169.500000 
0.000000 0.000000 0.000000 0.000000 0.000000 0.000000 0.000000 0.000000 0.000000 0.000000 0.000000 170.250000 
0.000000 0.000000 0.000000 0.000000 0.000000 0.000000 0.000000 0.000000 0.000000 0.000000 0.000000 171.000000 
0.000000 0.000000 0.000000 0.000000 0.000000 0.000000 0.000000 0.000000 0.000000 0.000000 0.000000 171.750000 
0.000000 0.000000 0.000000 0.000000 0.000000 0.000000 0.000000 0.000000 0.000000 0.000000 0.000000 172.500000 
0.000000 0.000000 0.000000 0.000000 0.000000 0.000000 0.000000 0.000000 0.000000 0.000000 0.000000 173.250000 
0.000000 0.000000 0.000000 0.000000 0.000000 0.000000 0.000000 0.000000 0.000000 0.000000 0.000000 174.000000 
0.000000 0.000000 0.000000 0.000000 0.000000 0.000000 0.000000 0.000000 0.000000 0.000000 0.000000 174.750000 
0.000000 0.000000 0.000000 0.000000 0.000000 0.000000 0.000000 0.000000 0.000000 0.000000 0.000000 175.500000 
0.000000 0.000000 0.000000 0.000000 0.000000 0.000000 0.000000 0.000000 0.000000 0.000000 0.000000 176.250000 
0.000000 0.000000 0.000000 0.000000 0.000000 0.000000 0.000000 0.000000 0.000000 0.000000 0.000000 177.000000 
0.000000 0.000000 0.000000 0.000000 0.000000 0.000000 0.000000 0.000000 0.000000 0.000000 0.000000 177.750000 
0.000000 0.000000 0.000000 0.000000 0.000000 0.000000 0.000000 0.000000 0.000000 0.000000 0.000000 178.500000 
0.000000 0.000000 0.000000 0.000000 0.000000 0.000000 0.000000 0.000000 0.000000 0.000000 0.000000 179.250000 
0.000000 0.000000 0.000000 0.000000 0.000000 0.000000 0.000000 0.000000 0.000000 0.000000 0.000000 180.000000 
0.000000 0.000000 0.000000 0.000000 0.000000 0.000000 0.000000 0.000000 0.000000 0.000000 0.000000 180.750000 
0.000000 0.000000 0.000000 0.000000 0.000000 0.000000 0.000000 0.000000 0.000000 0.000000 0.000000 181.500000 
0.000000 0.000000 0.000000 0.000000 0.000000 0.000000 0.000000 0.000000 0.000000 0.000000 0.000000 182.250000 
0.000000 0.000000 0.000000 0.000000 0.000000 0.000000 0.000000 0.000000 0.000000 0.000000 0.000000 183.000000 
0.000000 0.000000 0.000000 0.000000 0.000000 0.000000 0.000000 0.000000 0.000000 0.000000 0.000000 183.750000 
0.000000 0.000000 0.000000 0.000000 0.000000 0.000000 0.000000 0.000000 0.000000 0.000000 0.000000 184.500000 
0.000000 0.000000 0.000000 0.000000 0.000000 0.000000 0.000000 0.000000 0.000000 0.000000 0.000000 185.250000 
0.000000 0.000000 0.000000 0.000000 0.000000 0.000000 0.000000 0.000000 0.000000 0.000000 0.000000 186.000000 
0.000000 0.000000 0.000000 0.000000 0.000000 0.000000 0.000000 0.000000 0.000000 0.000000 0.000000 186.750000 
0.000000 0.000000 0.000000 0.000000 0.000000 0.000000 0.000000 0.000000 0.000000 0.000000 0.000000 187.500000 
0.000000 0.000000 0.000000 0.000000 0.000000 0.000000 0.000000 0.000000 0.000000 0.000000 0.000000 188.250000 
0.000000 0.000000 0.000000 0.000000 0.000000 0.000000 0.000000 0.000000 0.000000 0.000000 0.000000 189.000000 
0.000000 0.000000 0.000000 0.000000 0.000000 0.000000 0.000000 0.000000 0.000000 0.000000 0.000000 189.750000 
0.000000 0.000000 0.000000 0.000000 0.000000 0.000000 0.000000 0.000000 0.000000 0.000000 0.000000 190.500000 
0.000000 0.000000 0.000000 0.000000 0.000000 0.000000 0.000000 0.000000 0.000000 0.000000 0.000000 191.250000 
0.000000 0.000000 0.000000 0.000000 0.000000 0.000000 0.000000 0.000000 0.000000 0.000000 0.000000 192.000000 
0.000000 0.000000 0.000000 0.000000 0.000000 0.000000 0.000000 0.000000 0.000000 0.000000 0.000000 192.750000 
0.000000 0.000000 0.000000 0.000000 0.000000 0.000000 0.000000 0.000000 0.000000 0.000000 0.000000 193.500000 
0.000000 0.000000 0.000000 0.000000 0.000000 0.000000 0.000000 0.000000 0.000000 0.000000 0.000000 194.250000 
0.000000 0.000000 0.000000 0.000000 0.000000 0.000000 0.000000 0.000000 0.000000 0.000000 0.000000 195.000000 
0.000000 0.000000 0.000000 0.000000 0.000000 0.000000 0.000000 0.000000 0.000000 0.000000 0.000000 195.750000 
0.000000 0.000000 0.000000 0.000000 0.000000 0.000000 0.000000 0.000000 0.000000 0.000000 0.000000 196.500000 
0.000000 0.000000 0.000000 0.000000 0.000000 0.000000 0.000000 0.000000 0.000000 0.000000 0.000000 197.250000 
0.000000 0.000000 0.000000 0.000000 0.000000 0.000000 0.000000 0.000000 0.000000 0.000000 0.000000 198.000000 
0.000000 0.000000 0.000000 0.000000 0.000000 0.000000 0.000000 0.000000 0.000000 0.000000 0.000000 198.750000 
0.000000 0.000000 0.000000 0.000000 0.000000 0.000000 0.000000 0.000000 0.000000 0.000000 0.000000 199.500000 
0.000000 0.000000 0.000000 0.000000 0.000000 0.000000 0.000000 0.000000 0.000000 0.000000 0.000000 200.250000 
0.000000 0.000000 0.000000 0.000000 0.000000 0.000000 0.000000 0.000000 0.000000 0.000000 0.000000 201.000000 
0.000000 0.000000 0.000000 0.000000 0.000000 0.000000 0.000000 0.000000 0.000000 0.000000 0.000000 201.750000 
0.000000 0.000000 0.000000 0.000000 0.000000 0.000000 0.000000 0.000000 0.000000 0.000000 0.000000 202.500000 
0.000000 0.000000 0.000000 0.000000 0.000000 0.000000 0.000000 0.000000 0.000000 0.000000 0.000000 203.250000 
0.000000 0.000000 0.000000 0.000000 0.000000 0.000000 0.000000 0.000000 0.000000 0.000000 0.000000 204.000000 
0.000000 0.000000 0.000000 0.000000 0.000000 0.000000 0.000000 0.000000 0.000000 0.000000 0.000000 204.750000 
0.000000 0.000000 0.000000 0.000000 0.000000 0.000000 0.000000 0.000000 0.000000 0.000000 0.000000 205.500000 
0.000000 0.000000 0.000000 0.000000 0.000000 0.000000 0.000000 0.000000 0.000000 0.000000 0.000000 206.250000 
0.000000 0.000000 0.000000 0.000000 0.000000 0.000000 0.000000 0.000000 0.000000 0.000000 0.000000 207.000000 
0.000000 0.000000 0.000000 0.000000 0.000000 0.000000 0.000000 0.000000 0.000000 0.000000 0.000000 207.750000 
0.000000 0.000000 0.000000 0.000000 0.000000 0.000000 0.000000 0.000000 0.000000 0.000000 0.000000 208.500000 
0.000000 0.000000 0.000000 0.000000 0.000000 0.000000 0.000000 0.000000 0.000000 0.000000 0.000000 209.250000 
0.000000 0.000000 0.000000 0.000000 0.000000 0.000000 0.000000 0.000000 0.000000 0.000000 0.000000 210.000000 
0.000000 0.000000 0.000000 0.000000 0.000000 0.000000 0.000000 0.000000 0.000000 0.000000 0.000000 210.750000 
0.000000 0.000000 0.000000 0.000000 0.000000 0.000000 0.000000 0.000000 0.000000 0.000000 0.000000 211.500000 
0.000000 0.000000 0.000000 0.000000 0.000000 0.000000 0.000000 0.000000 0.000000 0.000000 0.000000 212.250000 
0.000000 0.000000 0.000000 0.000000 0.000000 0.000000 0.000000 0.000000 0.000000 0.000000 0.000000 213.000000 
0.000000 0.000000 0.000000 0.000000 0.000000 0.000000 0.000000 0.000000 0.000000 0.000000 0.000000 213.750000 
0.000000 0.000000 0.000000 0.000000 0.000000 0.000000 0.000000 0.000000 0.000000 0.000000 0.000000 214.500000 
0.000000 0.000000 0.000000 0.000000 0.000000 0.000000 0.000000 0.000000 0.000000 0.000000 0.000000 215.250000 
0.000000 0.000000 0.000000 0.000000 0.000000 0.000000 0.000000 0.000000 0.000000 0.000000 0.000000 216.000000 
0.000000 0.000000 0.000000 0.000000 0.000000 0.000000 0.000000 0.000000 0.000000 0.000000 0.000000 216.750000 
0.000000 0.000000 0.000000 0.000000 0.000000 0.000000 0.000000 0.000000 0.000000 0.000000 0.000000 217.500000 
0.000000 0.000000 0.000000 0.000000 0.000000 0.000000 0.000000 0.000000 0.000000 0.000000 0.000000 218.250000 
0.000000 0.000000 0.000000 0.000000 0.000000 0.000000 0.000000 0.000000 0.000000 0.000000 0.000000 219.000000 
0.000000 0.000000 0.000000 0.000000 0.000000 0.000000 0.000000 0.000000 0.000000 0.000000 0.000000 219.750000 
0.000000 0.000000 0.000000 0.000000 0.000000 0.000000 0.000000 0.000000 0.000000 0.000000 0.000000 220.500000 
0.000000 0.000000 0.000000 0.000000 0.000000 0.000000 0.000000 0.000000 0.000000 0.000000 0.000000 221.250000 
0.000000 0.000000 0.000000 0.000000 0.000000 0.000000 0.000000 0.000000 0.000000 0.000000 0.000000 222.000000 
0.000000 0.000000 0.000000 0.000000 0.000000 0.000000 0.000000 0.000000 0.000000 0.000000 0.000000 222.750000 
0.000000 0.000000 0.000000 0.000000 0.000000 0.000000 0.000000 0.000000 0.000000 0.000000 0.000000 223.500000 
0.000000 0.000000 0.000000 0.000000 0.000000 0.000000 0.000000 0.000000 0.000000 0.000000 0.000000 224.250000 
0.000000 0.000000 0.000000 0.000000 0.000000 0.000000 0.000000 0.000000 0.000000 0.000000 0.000000 225.000000 
0.000000 0.000000 0.000000 0.000000 0.000000 0.000000 0.000000 0.000000 0.000000 0.000000 0.000000 225.750000 
0.000000 0.000000 0.000000 0.000000 0.000000 0.000000 0.000000 0.000000 0.000000 0.000000 0.000000 226.500000 
0.000000 0.000000 0.000000 0.000000 0.000000 0.000000 0.000000 0.000000 0.000000 0.000000 0.000000 227.250000 
0.000000 0.000000 0.000000 0.000000 0.000000 0.000000 0.000000 0.000000 0.000000 0.000000 0.000000 228.000000 
0.000000 0.000000 0.000000 0.000000 0.000000 0.000000 0.000000 0.000000 0.000000 0.000000 0.000000 228.750000 
0.000000 0.000000 0.000000 0.000000 0.000000 0.000000 0.000000 0.000000 0.000000 0.000000 0.000000 229.500000 
0.000000 0.000000 0.000000 0.000000 0.000000 0.000000 0.000000 0.000000 0.000000 0.000000 0.000000 230.250000 
0.000000 0.000000 0.000000 0.000000 0.000000 0.000000 0.000000 0.000000 0.000000 0.000000 0.000000 231.000000 
0.000000 0.000000 0.000000 0.000000 0.000000 0.000000 0.000000 0.000000 0.000000 0.000000 0.000000 231.750000 
0.000000 0.000000 0.000000 0.000000 0.000000 0.000000 0.000000 0.000000 0.000000 0.000000 0.000000 232.500000 
0.000000 0.000000 0.000000 0.000000 0.000000 0.000000 0.000000 0.000000 0.000000 0.000000 0.000000 233.250000 
0.000000 0.000000 0.000000 0.000000 0.000000 0.000000 0.000000 0.000000 0.000000 0.000000 0.000000 234.000000 
0.000000 0.000000 0.000000 0.000000 0.000000 0.000000 0.000000 0.000000 0.000000 0.000000 0.000000 234.750000 
0.000000 0.000000 0.000000 0.000000 0.000000 0.000000 0.000000 0.000000 0.000000 0.000000 0.000000 235.500000 
0.000000 0.000000 0.000000 0.000000 0.000000 0.000000 0.000000 0.000000 0.000000 0.000000 0.000000 236.250000 
0.000000 0.000000 0.000000 0.000000 0.000000 0.000000 0.000000 0.000000 0.000000 0.000000 0.000000 237.000000 
0.000000 0.000000 0.000000 0.000000 0.000000 0.000000 0.000000 0.000000 0.000000 0.000000 0.000000 237.750000 
0.000000 0.000000 0.000000 0.000000 0.000000 0.000000 0.000000 0.000000 0.000000 0.000000 0.000000 238.500000 
0.000000 0.000000 0.000000 0.000000 0.000000 0.000000 0.000000 0.000000 0.000000 0.000000 0.000000 239.250000 
0.000000 0.000000 0.000000 0.000000 0.000000 0.000000 0.000000 0.000000 0.000000 0.000000 0.000000 240.000000 
0.000000 0.000000 0.000000 0.000000 0.000000 0.000000 0.000000 0.000000 0.000000 0.000000 0.000000 240.750000 
0.000000 0.000000 0.000000 0.000000 0.000000 0.000000 0.000000 0.000000 0.000000 0.000000 0.000000 241.500000 
0.000000 0.000000 0.000000 0.000000 0.000000 0.000000 0.000000 0.000000 0.000000 0.000000 0.000000 242.250000 
0.000000 0.000000 0.000000 0.000000 0.000000 0.000000 0.000000 0.000000 0.000000 0.000000 0.000000 243.000000 
0.000000 0.000000 0.000000 0.000000 0.000000 0.000000 0.000000 0.000000 0.000000 0.000000 0.000000 243.750000 
0.000000 0.000000 0.000000 0.000000 0.000000 0.000000 0.000000 0.000000 0.000000 0.000000 0.000000 244.500000 
0.000000 0.000000 0.000000 0.000000 0.000000 0.000000 0.000000 0.000000 0.000000 0.000000 0.000000 245.250000 
0.000000 0.000000 0.000000 0.000000 0.000000 0.000000 0.000000 0.000000 0.000000 0.000000 0.000000 246.000000 
0.000000 0.000000 0.000000 0.000000 0.000000 0.000000 0.000000 0.000000 0.000000 0.000000 0.000000 246.750000 
0.000000 0.000000 0.000000 0.000000 0.000000 0.000000 0.000000 0.000000 0.000000 0.000000 0.000000 247.500000 
0.000000 0.000000 0.000000 0.000000 0.000000 0.000000 0.000000 0.000000 0.000000 0.000000 0.000000 248.250000 
0.000000 0.000000 0.000000 0.000000 0.000000 0.000000 0.000000 0.000000 0.000000 0.000000 0.000000 249.000000 
0.000000 0.000000 0.000000 0.000000 0.000000 0.000000 0.000000 0.000000 0.000000 0.000000 0.000000 249.750000 
0.000000 0.000000 0.000000 0.000000 0.000000 0.000000 0.000000 0.000000 0.000000 0.000000 0.000000 250.500000 
0.000000 0.000000 0.000000 0.000000 0.000000 0.000000 0.000000 0.000000 0.000000 0.000000 0.000000 251.250000 
0.000000 0.000000 0.000000 0.000000 0.000000 0.000000 0.000000 0.000000 0.000000 0.000000 0.000000 252.000000 
0.000000 0.000000 0.000000 0.000000 0.000000 0.000000 0.000000 0.000000 0.000000 0.000000 0.000000 252.750000 
0.000000 0.000000 0.000000 0.000000 0.000000 0.000000 0.000000 0.000000 0.000000 0.000000 0.000000 253.500000 
0.000000 0.000000 0.000000 0.000000 0.000000 0.000000 0.000000 0.000000 0.000000 0.000000 0.000000 254.250000 
0.000000 0.000000 0.000000 0.000000 0.000000 0.000000 0.000000 0.000000 0.000000 0.000000 0.000000 255.000000 
0.000000 0.000000 0.000000 0.000000 0.000000 0.000000 0.000000 0.000000 0.000000 0.000000 0.000000 255.750000 
0.000000 0.000000 0.000000 0.000000 0.000000 0.000000 0.000000 0.000000 0.000000 0.000000 0.000000 256.500000 
0.000000 0.000000 0.000000 0.000000 0.000000 0.000000 0.000000 0.000000 0.000000 0.000000 0.000000 257.250000 
0.000000 0.000000 0.000000 0.000000 0.000000 0.000000 0.000000 0.000000 0.000000 0.000000 0.000000 258.000000 
0.000000 0.000000 0.000000 0.000000 0.000000 0.000000 0.000000 0.000000 0.000000 0.000000 0.000000 258.750000 
0.000000 0.000000 0.000000 0.000000 0.000000 0.000000 0.000000 0.000000 0.000000 0.000000 0.000000 259.500000 
0.000000 0.000000 0.000000 0.000000 0.000000 0.000000 0.000000 0.000000 0.000000 0.000000 0.000000 260.250000 
0.000000 0.000000 0.000000 0.000000 0.000000 0.000000 0.000000 0.000000 0.000000 0.000000 0.000000 261.000000 
0.000000 0.000000 0.000000 0.000000 0.000000 0.000000 0.000000 0.000000 0.000000 0.000000 0.000000 261.750000 
0.000000 0.000000 0.000000 0.000000 0.000000 0.000000 0.000000 0.000000 0.000000 0.000000 0.000000 262.500000 
0.000000 0.000000 0.000000 0.000000 0.000000 0.000000 0.000000 0.000000 0.000000 0.000000 0.000000 263.250000 
0.000000 0.000000 0.000000 0.000000 0.000000 0.000000 0.000000 0.000000 0.000000 0.000000 0.000000 264.000000 
0.000000 0.000000 0.000000 0.000000 0.000000 0.000000 0.000000 0.000000 0.000000 0.000000 0.000000 264.750000 
0.000000 0.000000 0.000000 0.000000 0.000000 0.000000 0.000000 0.000000 0.000000 0.000000 0.000000 265.500000 
0.000000 0.000000 0.000000 0.000000 0.000000 0.000000 0.000000 0.000000 0.000000 0.000000 0.000000 266.250000 
0.000000 0.000000 0.000000 0.000000 0.000000 0.000000 0.000000 0.000000 0.000000 0.000000 0.000000 267.000000 
0.000000 0.000000 0.000000 0.000000 0.000000 0.000000 0.000000 0.000000 0.000000 0.000000 0.000000 267.750000 
0.000000 0.000000 0.000000 0.000000 0.000000 0.000000 0.000000 0.000000 0.000000 0.000000 0.000000 268.500000 
0.000000 0.000000 0.000000 0.000000 0.000000 0.000000 0.000000 0.000000 0.000000 0.000000 0.000000 269.250000 
0.000000 0.000000 0.000000 0.000000 0.000000 0.000000 0.000000 0.000000 0.000000 0.000000 0.000000 270.000000 
0.000000 0.000000 0.000000 0.000000 0.000000 0.000000 0.000000 0.000000 0.000000 0.000000 0.000000 270.750000 
0.000000 0.000000 0.000000 0.000000 0.000000 0.000000 0.000000 0.000000 0.000000 0.000000 0.000000 271.500000 
0.000000 0.000000 0.000000 0.000000 0.000000 0.000000 0.000000 0.000000 0.000000 0.000000 0.000000 272.250000 
0.000000 0.000000 0.000000 0.000000 0.000000 0.000000 0.000000 0.000000 0.000000 0.000000 0.000000 273.000000 
0.000000 0.000000 0.000000 0.000000 0.000000 0.000000 0.000000 0.000000 0.000000 0.000000 0.000000 273.750000 
0.000000 0.000000 0.000000 0.000000 0.000000 0.000000 0.000000 0.000000 0.000000 0.000000 0.000000 274.500000 
0.000000 0.000000 0.000000 0.000000 0.000000 0.000000 0.000000 0.000000 0.000000 0.000000 0.000000 275.250000 
0.000000 0.000000 0.000000 0.000000 0.000000 0.000000 0.000000 0.000000 0.000000 0.000000 0.000000 276.000000 
0.000000 0.000000 0.000000 0.000000 0.000000 0.000000 0.000000 0.000000 0.000000 0.000000 0.000000 276.750000 
0.000000 0.000000 0.000000 0.000000 0.000000 0.000000 0.000000 0.000000 0.000000 0.000000 0.000000 277.500000 
0.000000 0.000000 0.000000 0.000000 0.000000 0.000000 0.000000 0.000000 0.000000 0.000000 0.000000 278.250000 
0.000000 0.000000 0.000000 0.000000 0.000000 0.000000 0.000000 0.000000 0.000000 0.000000 0.000000 279.000000 
0.000000 0.000000 0.000000 0.000000 0.000000 0.000000 0.000000 0.000000 0.000000 0.000000 0.000000 279.750000 
0.000000 0.000000 0.000000 0.000000 0.000000 0.000000 0.000000 0.000000 0.000000 0.000000 0.000000 280.500000 
0.000000 0.000000 0.000000 0.000000 0.000000 0.000000 0.000000 0.000000 0.000000 0.000000 0.000000 281.250000 
0.000000 0.000000 0.000000 0.000000 0.000000 0.000000 0.000000 0.000000 0.000000 0.000000 0.000000 282.000000 
0.000000 0.000000 0.000000 0.000000 0.000000 0.000000 0.000000 0.000000 0.000000 0.000000 0.000000 282.750000 
0.000000 0.000000 0.000000 0.000000 0.000000 0.000000 0.000000 0.000000 0.000000 0.000000 0.000000 283.500000 
0.000000 0.000000 0.000000 0.000000 0.000000 0.000000 0.000000 0.000000 0.000000 0.000000 0.000000 284.250000 
0.000000 0.000000 0.000000 0.000000 0.000000 0.000000 0.000000 0.000000 0.000000 0.000000 0.000000 285.000000 
0.000000 0.000000 0.000000 0.000000 0.000000 0.000000 0.000000 0.000000 0.000000 0.000000 0.000000 285.750000 
0.000000 0.000000 0.000000 0.000000 0.000000 0.000000 0.000000 0.000000 0.000000 0.000000 0.000000 286.500000 
0.000000 0.000000 0.000000 0.000000 0.000000 0.000000 0.000000 0.000000 0.000000 0.000000 0.000000 287.250000 
0.000000 0.000000 0.000000 0.000000 0.000000 0.000000 0.000000 0.000000 0.000000 0.000000 0.000000 288.000000 
0.000000 0.000000 0.000000 0.000000 0.000000 0.000000 0.000000 0.000000 0.000000 0.000000 0.000000 288.750000 
0.000000 0.000000 0.000000 0.000000 0.000000 0.000000 0.000000 0.000000 0.000000 0.000000 0.000000 289.500000 
0.000000 0.000000 0.000000 0.000000 0.000000 0.000000 0.000000 0.000000 0.000000 0.000000 0.000000 290.250000 
0.000000 0.000000 0.000000 0.000000 0.000000 0.000000 0.000000 0.000000 0.000000 0.000000 0.000000 291.000000 
0.000000 0.000000 0.000000 0.000000 0.000000 0.000000 0.000000 0.000000 0.000000 0.000000 0.000000 291.750000 
0.000000 0.000000 0.000000 0.000000 0.000000 0.000000 0.000000 0.000000 0.000000 0.000000 0.000000 292.500000 
0.000000 0.000000 0.000000 0.000000 0.000000 0.000000 0.000000 0.000000 0.000000 0.000000 0.000000 293.250000 
0.000000 0.000000 0.000000 0.000000 0.000000 0.000000 0.000000 0.000000 0.000000 0.000000 0.000000 294.000000 
0.000000 0.000000 0.000000 0.000000 0.000000 0.000000 0.000000 0.000000 0.000000 0.000000 0.000000 294.750000 
0.000000 0.000000 0.000000 0.000000 0.000000 0.000000 0.000000 0.000000 0.000000 0.000000 0.000000 295.500000 
0.000000 0.000000 0.000000 0.000000 0.000000 0.000000 0.000000 0.000000 0.000000 0.000000 0.000000 296.250000 
0.000000 0.000000 0.000000 0.000000 0.000000 0.000000 0.000000 0.000000 0.000000 0.000000 0.000000 297.000000 
0.000000 0.000000 0.000000 0.000000 0.000000 0.000000 0.000000 0.000000 0.000000 0.000000 0.000000 297.750000 
0.000000 0.000000 0.000000 0.000000 0.000000 0.000000 0.000000 0.000000 0.000000 0.000000 0.000000 298.500000 
0.000000 0.000000 0.000000 0.000000 0.000000 0.000000 0.000000 0.000000 0.000000 0.000000 0.000000 299.250000 
0.000000 0.000000 0.000000 0.000000 0.000000 0.000000 0.000000 0.000000 0.000000 0.000000 0.000000 300.000000 
